record:2180	sides:852	offsets:1166	T:1904
09:35:34.864525	888_1	1	0	0	3	300000	
09:37:12.878974	26_0	2	0	0	4	300001	1	
09:37:13.394190	26_1	3	1	3	4	300002	1	
09:37:34.389177	888_2	4	0	0	3	300003	
09:38:05.942212	26_8	5	0	0	4	300004	1	
09:38:07.872958	26_9	6	1	3	4	300005	1	
09:38:48.879691	51_0	7	0	0	3	300006	
09:38:49.903669	71_0	8	0	0	3	300007	
09:38:54.895976	41_0	9	0	0	4	300008	1	
09:38:55.419321	41_1	10	0	0	4	300009	1	
09:38:56.447134	41_2	11	1	1	4	300010	2	
09:38:58.936201	41_3	12	0	0	4	300011	1	
09:39:01.403025	41_4	13	1	1	4	300012	1	
09:39:02.439995	61_0	14	0	0	4	300013	1	
09:39:09.935750	61_2	15	1	1	4	300014	1	
09:39:10.354681	26_10	16	0	0	4	300015	1	
09:39:12.426805	26_12	17	1	3	4	300016	1	
09:39:14.398087	41_9	18	0	0	4	300017	1	
09:39:15.867146	26_14	19	0	0	4	300018	1	
09:39:17.408834	26_15	20	1	3	4	300019	2	
09:39:21.439167	51_3	21	0	0	4	300020	1	
09:39:22.374496	71_1	22	0	0	3	300021	
09:39:29.451213	71_2	23	0	0	4	300022	1	
09:39:31.394433	51_4	24	1	1	4	300023	1	
09:39:31.903279	71_3	25	1	1	4	300024	1	
09:39:34.363331	71_4	26	0	0	4	300025	1	
09:39:35.898757	71_6	27	1	1	4	300026	1	
09:39:36.918400	888_3	28	0	0	3	300027	
09:39:46.397141	41_11	29	1	1	4	300028	1	
09:39:53.366150	61_6	30	0	0	4	300029	1	
09:39:53.867685	61_7	31	1	1	4	300030	1	
09:39:54.379620	41_13	32	0	0	4	300031	1	
09:39:54.888406	41_14	33	1	1	4	300032	1	
09:39:55.906084	61_9	34	0	0	4	300033	1	
09:39:56.429466	61_10	35	0	0	4	300034	1	
09:39:56.848366	41_16	36	0	0	4	300035	1	
09:39:57.892694	61_11	37	1	1	4	300036	1	
09:39:59.415284	888_4	38	0	0	3	300037	
09:39:59.926466	41_19	39	1	1	4	300038	1	
09:40:00.429018	71_9	40	0	0	4	300039	1	
09:40:01.858525	71_10	41	1	1	4	300040	1	
09:40:05.385447	41_21	42	0	0	4	300041	1	
09:40:05.902752	41_22	43	1	1	4	300042	1	
09:40:09.925369	41_24	44	0	0	4	300043	1	
09:40:12.908902	41_25	45	1	1	4	300044	1	
09:40:14.347517	41_27	46	0	0	4	300045	1	
09:40:15.365993	61_15	47	0	0	4	300046	1	
09:40:16.387439	41_28	48	1	1	4	300047	1	
09:40:17.906759	61_16	49	1	1	4	300048	1	
09:40:21.368571	41_30	50	0	0	4	300049	1	
09:40:21.885735	41_31	51	1	1	4	300050	1	
09:40:22.907540	51_10	52	0	0	4	300051	1	
09:40:23.427237	41_32	53	0	0	4	300052	1	
09:40:25.393326	71_14	54	0	0	3	300053	
09:40:25.896946	71_15	55	0	0	3	300054	
09:40:26.919925	41_34	56	1	1	4	300055	1	
09:40:27.421717	51_11	57	1	1	4	300056	1	
09:40:28.873269	41_36	58	0	0	4	300057	1	
09:40:30.864806	71_16	59	0	0	4	300058	1	
09:40:33.901627	71_17	60	1	1	4	300059	1	
09:40:33.901641	41_38	61	1	1	4	300060	1	
09:40:35.364454	71_18	62	0	0	3	300061	
09:40:36.375618	41_41	63	0	0	4	300062	1	
09:40:36.375627	26_16	64	0	0	3	300063	
09:40:36.892724	51_12	65	0	0	4	300064	1	
09:40:37.409937	51_13	66	1	1	4	300065	1	
09:40:37.930447	41_43	67	1	1	4	300066	1	
09:40:39.925697	41_44	68	0	0	4	300067	1	
09:40:42.903390	41_45	69	1	1	4	300068	1	
09:40:48.931693	71_22	70	0	0	4	300069	1	
09:40:48.931771	61_18	71	0	0	4	300070	1	
09:40:49.437353	41_49	72	0	0	4	300071	1	
09:40:49.437419	61_19	73	0	0	4	300072	1	
09:40:49.856428	51_14	74	0	0	4	300073	1	
09:40:49.856534	71_23	75	1	1	4	300074	1	
09:40:52.861641	41_50	76	1	1	4	300075	1	
09:40:52.861857	61_20	77	1	1	3	300076	
09:40:55.387090	61_21	78	1	1	4	300077	1	
09:40:58.945178	71_27	79	0	0	4	300078	1	
09:40:58.945186	41_52	80	0	0	4	300079	1	
09:40:59.882643	71_28	81	1	1	4	300080	1	
09:41:00.849021	41_53	82	0	0	4	300081	1	
09:41:01.368409	71_30	83	0	0	3	300082	
09:41:04.379765	41_55	84	1	1	4	300083	1	
09:41:04.904443	51_15	85	1	1	3	300084	
09:41:04.904496	41_57	86	0	0	4	300085	1	
09:41:06.434581	41_58	87	1	1	3	300086	
09:41:06.855885	61_23	88	0	0	4	300087	1	
09:41:08.387775	61_24	89	0	0	4	300088	1	
09:41:09.928184	61_25	90	0	0	4	300089	1	
09:41:10.934906	41_60	91	1	1	4	300090	1	
09:41:11.441562	61_26	92	0	0	4	300091	1	
09:41:11.853144	51_16	93	1	1	4	300092	1	
09:41:13.901626	61_27	94	1	1	4	300093	1	
09:41:17.429745	61_28	95	1	1	4	300094	1	
09:41:18.437456	41_62	96	0	0	4	300095	1	
09:41:18.938946	61_30	97	0	0	4	300096	1	
09:41:19.443141	71_34	98	0	0	4	300097	1	
09:41:19.443145	41_64	99	0	0	4	300098	1	
09:41:20.353578	71_36	100	0	0	4	300099	1	
09:41:20.856549	41_65	101	1	1	4	300101	1	
09:41:21.363287	71_38	102	1	1	4	300102	2	
09:41:21.862793	61_32	103	1	1	4	300103	1	
09:41:22.379038	41_67	104	0	0	4	300104	1	
09:41:23.394260	51_23	105	0	0	4	300105	1	
09:41:24.404252	61_34	106	0	0	4	300106	1	
09:41:25.410502	61_36	107	0	0	4	300107	1	
09:41:25.912424	51_24	108	1	1	4	300108	1	
09:41:26.421602	41_71	109	0	0	4	300109	1	
09:41:27.428737	51_25	110	0	0	4	300110	1	
09:41:27.842675	41_72	111	1	1	4	300111	2	
09:41:28.345769	61_37	112	1	1	4	300112	1	
09:41:28.848933	51_26	113	1	1	4	300113	1	
09:41:29.351614	41_74	114	0	0	4	300114	1	
09:41:30.356092	71_39	115	0	0	4	300115	1	
09:41:31.865254	71_40	116	0	0	4	300116	1	
09:41:31.865268	26_20	117	0	0	4	300117	1	
09:41:32.369796	26_21	118	1	3	4	300118	1	
09:41:32.369802	41_79	119	1	1	4	300119	1	
09:41:33.877178	41_81	120	0	0	4	300120	1	
09:41:35.891529	41_82	121	1	1	4	300121	1	
09:41:36.406195	71_41	122	1	1	4	300122	1	
09:41:37.927099	41_83	123	0	0	4	300123	1	
09:41:38.941635	61_40	124	0	0	3	300124	
09:41:39.844324	41_86	125	0	0	4	300125	1	
09:41:39.844428	61_42	126	0	0	4	300126	1	
09:41:41.862279	61_44	127	0	0	3	300127	
09:41:43.383883	71_42	128	0	0	4	300128	1	
09:41:43.888519	41_87	129	0	0	4	300129	1	
09:41:44.896938	61_45	130	1	1	4	300130	1	
09:41:45.418478	41_88	131	1	1	4	300131	3	
09:41:47.367749	41_90	132	0	0	4	300132	1	
09:41:47.367753	71_43	133	1	1	3	300133	
09:41:48.375196	61_47	134	0	0	3	300134	
09:41:50.432276	41_91	135	0	0	4	300135	1	
09:41:50.432286	26_24	136	0	0	4	300136	2	
09:41:51.343998	71_44	137	1	1	4	300137	1	
09:41:51.344021	41_92	138	1	1	4	300138	1	
09:41:51.344030	26_25	139	1	3	4	300139	1	
09:41:55.366945	61_50	140	0	0	3	300140	
09:41:56.399957	71_45	141	0	0	4	300141	1	
09:41:56.907422	71_46	142	0	0	4	300142	1	
09:41:56.907451	26_26	143	0	0	3	300143	
09:41:58.932887	71_48	144	1	1	4	300144	1	
09:42:06.371504	888_5	145	0	0	3	300145	
09:42:12.940061	51_31	146	0	0	4	300146	1	
09:42:13.341164	51_32	147	1	1	4	300147	1	
09:42:15.870609	41_95	148	0	0	4	300148	1	
09:42:17.930133	41_96	149	1	1	4	300149	1	
09:42:22.358703	41_97	150	0	0	4	300150	1	
09:42:25.868945	41_98	151	1	1	4	300151	1	
09:42:41.407512	71_57	152	0	0	4	300152	1	
09:42:41.921067	71_58	153	1	1	4	300153	1	
09:42:43.373096	61_56	154	0	0	4	300154	1	
09:42:44.390249	61_58	155	0	0	3	300155	
09:42:44.390337	71_59	156	0	0	3	300156	
09:42:45.436568	26_30	157	0	0	3	300157	
09:42:45.859885	71_60	158	0	0	4	300158	1	
09:42:46.889360	61_60	159	1	1	4	300159	1	
09:42:47.926781	71_61	160	1	1	4	300160	1	
09:42:49.370375	71_62	161	0	0	4	300161	1	
09:42:49.370396	26_32	162	0	0	4	300162	2	
09:42:49.900476	26_33	163	0	0	4	300163	1	
09:42:50.410055	51_35	164	0	0	4	300164	1	
09:42:50.923821	26_34	165	1	3	4	300165	1	
09:42:50.923827	26_35	166	1	3	4	300166	2	
09:42:51.339030	71_63	167	1	1	3	300167	
09:42:53.405362	51_36	168	1	1	4	300168	1	
09:42:55.403703	41_106	169	0	0	4	300169	1	
09:42:56.420861	51_37	170	0	0	3	300170	
09:42:56.420932	71_65	171	1	1	4	300171	1	
09:42:56.929733	41_107	172	1	1	4	300172	1	
09:42:58.369434	41_108	173	0	0	4	300173	1	
09:42:59.399992	61_65	174	0	0	4	300174	1	
09:42:59.913589	41_109	175	1	1	4	300175	1	
09:43:02.928055	41_110	176	0	0	4	300176	1	
09:43:06.426959	61_67	177	1	1	4	300177	1	
09:43:07.438180	41_113	178	1	1	4	300178	1	
09:43:11.917877	41_115	179	0	0	4	300179	1	
09:43:12.839980	41_116	180	0	0	4	300180	1	
09:43:13.857149	41_117	181	1	1	4	300181	1	
09:43:16.393978	41_118	182	0	0	4	300182	1	
09:43:16.896787	41_119	183	0	0	4	300183	1	
09:43:17.421950	41_120	184	0	0	4	300184	1	
09:43:17.934077	41_121	185	1	1	4	300185	1	
09:43:19.887603	41_122	186	0	0	4	300186	1	
09:43:22.442000	41_123	187	1	1	4	300187	1	
09:43:38.380695	41_127	188	0	0	4	300188	1	
09:43:39.436222	41_128	189	1	1	4	300189	1	
09:43:40.913639	41_129	190	0	0	3	300190	
09:43:51.853691	71_74	191	0	0	4	300191	1	
09:43:52.360327	51_39	192	0	0	4	300192	1	
09:43:52.360393	71_75	193	1	1	4	300193	1	
09:43:55.899085	41_133	194	0	0	4	300194	1	
09:43:56.433124	41_134	195	1	1	4	300195	1	
09:43:57.372480	51_40	196	1	1	4	300196	1	
09:43:59.893790	61_72	197	0	0	4	300197	1	
09:44:00.906767	61_73	198	1	1	3	300198	
09:44:02.344987	51_41	199	0	0	4	300199	1	
09:44:02.345093	41_137	200	0	0	4	300200	1	
09:44:04.916946	41_139	201	0	0	3	300201	
09:44:04.917180	61_77	202	1	1	4	300202	1	
09:44:04.917532	26_36	203	0	0	3	300203	
09:44:05.432425	41_140	204	0	0	3	300204	
09:44:06.338532	41_141	205	1	1	4	300205	1	
09:44:06.859494	51_42	206	1	1	4	300206	1	
09:44:06.859546	888_6	207	0	0	3	300207	
09:44:17.356632	61_82	208	0	0	4	300208	1	
09:44:19.936906	61_83	209	1	1	4	300209	1	
09:44:20.856065	61_85	210	0	0	3	300210	
09:44:29.359563	41_147	211	0	0	4	300211	1	
09:44:29.880778	51_44	212	0	0	4	300212	1	
09:44:29.882702	41_148	213	0	0	3	300213	
09:44:29.882780	26_42	214	0	0	3	300214	
09:44:31.340861	41_150	215	1	1	4	300215	1	
09:44:31.860090	51_45	216	1	1	4	300216	1	
09:44:32.380859	71_86	217	0	0	4	300217	1	
09:44:33.428881	26_44	218	0	0	3	300218	
09:44:34.363046	61_87	219	0	0	4	300219	1	
09:44:35.394975	61_88	220	0	0	4	300220	1	
09:44:35.904505	71_87	221	1	1	4	300221	1	
09:44:36.414598	61_89	222	1	1	4	300222	1	
09:44:39.381824	71_88	223	0	0	3	300223	
09:44:39.381834	41_155	224	0	0	3	300224	
09:44:39.381889	26_46	225	0	0	3	300225	
09:44:43.855644	41_158	226	0	0	4	300226	1	
09:44:44.370473	71_91	227	0	0	3	300227	
09:44:44.876229	41_160	228	0	0	4	300228	1	
09:44:45.887174	41_161	229	0	0	4	300229	1	
09:44:46.404370	41_162	230	0	0	4	300230	1	
09:44:48.868170	61_93	231	0	0	4	300231	1	
09:44:50.374744	61_95	232	0	0	4	300232	1	
09:44:50.882709	61_96	233	0	0	4	300233	1	
09:44:54.428319	71_92	234	0	0	4	300234	1	
09:44:54.428495	61_98	235	1	1	4	300235	1	
09:44:55.339393	71_93	236	0	0	4	300236	1	
09:44:55.339478	61_100	237	0	0	4	300237	1	
09:44:56.344046	61_102	238	1	1	4	300238	1	
09:44:57.860249	41_163	239	1	1	4	300239	1	
09:44:59.884128	71_95	240	1	1	4	300240	1	
09:45:01.401911	41_167	241	0	0	4	300241	1	
09:45:01.401918	26_48	242	0	0	3	300242	
09:45:02.921901	26_49	243	0	0	4	300243	2	
09:45:03.432485	71_97	244	0	0	4	300244	1	
09:45:05.361129	71_98	245	1	1	4	300245	1	
09:45:05.361151	41_168	246	1	1	4	300246	1	
09:45:05.863217	26_51	247	1	3	4	300247	1	
09:45:10.347307	41_171	248	0	0	4	300248	1	
09:45:10.347392	61_104	249	0	0	4	300249	1	
09:45:11.361308	61_106	250	0	0	4	300250	1	
09:45:11.864146	41_172	251	0	0	4	300251	1	
09:45:12.369827	61_107	252	0	0	3	300252	
09:45:13.385409	26_54	253	0	0	3	300253	
09:45:14.917129	41_175	254	1	1	4	300254	2	
09:45:14.917288	61_108	255	1	1	4	300255	1	
09:45:18.415096	41_177	256	0	0	4	300256	1	
09:45:20.382088	71_106	257	0	0	3	300257	
09:45:20.883344	41_179	258	0	0	4	300258	1	
09:45:21.413907	26_56	259	0	0	3	300259	
09:45:21.841194	41_181	260	1	1	4	300260	2	
09:45:23.376425	51_50	261	0	0	4	300261	1	
09:45:29.931173	51_51	262	1	1	3	300262	
09:45:32.420609	51_52	263	1	1	3	300263	
09:45:34.392479	41_187	264	0	0	4	300264	1	
09:45:36.345676	41_188	265	0	0	4	300265	1	
09:45:37.403848	41_189	266	1	1	4	300266	1	
09:45:38.864040	61_112	267	0	0	4	300267	1	
09:45:39.398768	51_53	268	1	1	4	300268	1	
09:45:39.398984	61_113	269	1	1	4	300269	1	
09:45:43.838184	71_109	270	0	0	4	300270	1	
09:45:44.343680	71_110	271	1	1	3	300271	
09:45:44.343720	61_116	272	0	0	4	300272	1	
09:45:46.365156	41_193	273	0	0	3	300273	
09:45:46.365171	26_58	274	0	0	3	300274	
09:45:46.867729	71_112	275	0	0	4	300275	1	
09:45:46.868538	51_54	276	0	0	3	300276	
09:45:47.368769	71_113	277	1	1	4	300277	1	
09:45:49.395840	71_115	278	1	1	4	300278	1	
09:45:49.909341	61_118	279	1	1	4	300279	1	
09:45:50.427098	71_116	280	0	0	4	300280	1	
09:45:50.838433	41_196	281	0	0	3	300281	
09:45:52.366423	71_117	282	1	1	4	300282	1	
09:45:53.908350	71_118	283	0	0	4	300283	1	
09:45:54.415343	41_199	284	0	0	4	300284	1	
09:45:55.419526	51_55	285	0	0	3	300285	
09:45:55.419714	26_64	286	0	0	4	300286	2	
09:45:56.425378	41_200	287	1	1	4	300287	1	
09:45:56.425384	26_67	288	1	3	4	300288	2	
09:45:57.882506	71_119	289	0	0	4	300289	1	
09:45:59.413332	71_120	290	1	1	4	300290	1	
09:45:59.413337	888_7	291	0	0	3	300291	
09:46:01.885994	61_121	292	0	0	4	300292	1	
09:46:02.393789	61_122	293	0	0	4	300293	1	
09:46:03.929193	41_201	294	0	0	4	300294	1	
09:46:04.333157	41_202	295	0	0	4	300295	1	
09:46:04.841872	61_126	296	1	1	3	300296	
09:46:06.350903	71_121	297	0	0	4	300297	1	
09:46:06.853872	51_58	298	0	0	4	300298	1	
09:46:06.853970	41_204	299	0	0	4	300299	1	
09:46:08.362419	71_122	300	1	1	3	300300	
09:46:08.863512	41_205	301	0	0	4	300301	1	
09:46:09.372001	41_206	302	1	1	4	300302	2	
09:46:09.882796	51_59	303	1	1	4	300303	1	
09:46:10.385006	71_125	304	1	1	3	300304	
09:46:10.385120	61_128	305	1	1	4	300305	1	
09:46:10.891146	41_208	306	0	0	4	300306	1	
09:46:11.401155	41_209	307	0	0	4	300307	1	
09:46:11.907994	61_130	308	0	0	4	300308	1	
09:46:12.410670	61_131	309	1	1	4	300309	1	
09:46:12.915638	71_126	310	0	0	4	300310	1	
09:46:13.929606	26_68	311	0	0	4	300311	1	
09:46:14.431953	51_60	312	0	0	4	300312	1	
09:46:16.345847	71_128	313	1	1	4	300313	1	
09:46:16.345863	41_212	314	1	1	4	300314	1	
09:46:16.345876	26_69	315	1	3	4	300315	2	
09:46:16.856318	51_61	316	1	1	3	300316	
09:46:17.870440	41_214	317	0	0	4	300317	1	
09:46:18.894638	61_133	318	0	0	4	300318	1	
09:46:19.396681	41_216	319	0	0	4	300319	1	
09:46:20.403035	71_129	320	0	0	4	300320	1	
09:46:20.403039	41_218	321	0	0	4	300321	1	
09:46:21.412858	61_135	322	0	0	4	300322	1	
09:46:22.422609	41_219	323	1	1	4	300323	1	
09:46:22.833201	41_221	324	0	0	4	300324	1	
09:46:22.833214	26_70	325	0	0	4	300325	2	
09:46:24.367417	41_222	326	1	1	4	300326	1	
09:46:24.367425	26_71	327	1	3	4	300327	1	
09:46:24.368582	71_131	328	1	1	3	300328	
09:46:26.411306	71_133	329	1	1	3	300329	
09:46:26.411439	61_136	330	1	1	3	300330	
09:46:27.926321	26_72	331	0	0	4	300331	2	
09:46:27.926434	61_138	332	0	0	4	300332	1	
09:46:28.427222	41_224	333	0	0	4	300333	1	
09:46:28.928062	41_225	334	0	0	4	300334	1	
09:46:28.928144	61_139	335	0	0	4	300336	1	
09:46:29.434791	71_135	336	0	0	4	300337	1	
09:46:29.434855	51_62	337	1	1	4	300338	1	
09:46:29.837421	41_226	338	1	1	4	300339	1	
09:46:29.837429	26_76	339	1	3	4	300340	1	
09:46:30.338528	61_140	340	1	1	3	300342	
09:46:30.840361	71_138	341	1	1	4	300343	1	
09:46:32.346090	41_229	342	0	0	4	300344	1	
09:46:32.346790	71_139	343	0	0	4	300345	1	
09:46:32.848803	41_230	344	0	0	4	300346	1	
09:46:33.357244	61_142	345	1	1	3	300347	
09:46:33.859007	41_231	346	0	0	4	300348	1	
09:46:34.359103	71_140	347	1	1	4	300349	1	
09:46:34.359130	41_232	348	1	1	3	300350	
09:46:35.883968	71_141	349	0	0	4	300351	1	
09:46:36.388416	71_142	350	1	1	4	300352	1	
09:46:37.396266	71_144	351	0	0	4	300353	1	
09:46:38.401449	71_146	352	1	1	4	300354	1	
09:46:39.918207	41_235	353	1	1	3	300355	
09:46:42.343115	51_64	354	0	0	4	300356	1	
09:46:44.370176	51_65	355	1	1	4	300357	1	
09:46:44.370353	61_144	356	1	1	4	300358	2	
09:46:48.914356	61_146	357	0	0	4	300359	1	
09:46:49.415476	71_152	358	0	0	4	300360	1	
09:46:49.415519	41_237	359	1	1	4	300361	3	
09:46:49.415587	61_147	360	0	0	4	300362	1	
09:46:49.833391	71_153	361	1	1	4	300363	1	
09:46:51.342643	41_241	362	0	0	4	300364	1	
09:46:51.342655	26_79	363	0	0	4	300365	1	
09:46:51.342742	61_148	364	1	1	4	300366	1	
09:46:51.844776	61_149	365	0	0	4	300367	1	
09:46:52.351624	26_80	366	1	3	4	300368	1	
09:46:54.375262	71_155	367	0	0	4	300369	1	
09:46:54.375404	61_150	368	1	1	4	300370	1	
09:46:54.878098	41_243	369	1	1	4	300371	1	
09:46:55.389991	51_66	370	0	0	4	300372	1	
09:46:55.390075	71_156	371	0	0	4	300373	1	
09:46:55.896272	51_67	372	1	1	4	300374	1	
09:46:56.398640	71_157	373	1	1	4	300375	1	
09:46:57.908580	26_82	374	0	0	4	300376	2	
09:47:01.426047	26_84	375	1	3	4	300377	1	
09:47:03.359828	41_245	376	0	0	4	300378	1	
09:47:03.359842	26_85	377	0	0	4	300379	1	
09:47:04.873360	26_86	378	1	3	4	300380	1	
09:47:04.873384	61_153	379	0	0	3	300381	
09:47:05.375328	61_154	380	0	0	4	300382	1	
09:47:05.878124	61_155	381	1	1	4	300383	1	
09:47:06.896997	71_160	382	0	0	4	300384	1	
09:47:06.897001	41_246	383	0	0	4	300385	1	
09:47:06.897019	26_87	384	0	0	4	300386	1	
09:47:08.922451	41_247	385	0	0	4	300387	1	
09:47:09.835060	26_90	386	0	0	3	300388	
09:47:10.347134	41_249	387	0	0	4	300389	1	
09:47:10.850334	26_91	388	0	0	4	300390	2	
09:47:11.866094	41_250	389	1	1	4	300391	2	
09:47:12.384372	71_163	390	1	1	4	300392	1	
09:47:12.384402	26_92	391	1	3	4	300393	1	
09:47:12.384423	26_96	392	1	3	4	300394	2	
09:47:13.911314	61_156	393	0	0	4	300395	1	
09:47:14.419771	51_69	394	0	0	4	300396	1	
09:47:15.335503	51_70	395	1	1	4	300397	1	
09:47:15.848567	61_157	396	0	0	4	300398	1	
09:47:18.890036	41_251	397	0	0	4	300399	1	
09:47:20.394807	41_254	398	0	0	4	300400	1	
09:47:20.394921	61_160	399	0	0	4	300401	1	
09:47:20.896487	41_255	400	0	0	4	300402	1	
09:47:21.904628	61_161	401	1	1	3	300403	
09:47:24.333289	61_163	402	1	1	4	300404	2	
09:47:26.882141	51_71	403	0	0	4	300405	1	
09:47:27.388427	41_256	404	1	1	4	300406	2	
09:47:28.922572	26_97	405	0	0	4	300407	1	
09:47:30.868174	71_165	406	0	0	4	300408	1	
09:47:30.868230	26_99	407	0	0	4	300409	1	
09:47:32.408462	71_166	408	1	1	4	300410	1	
09:47:32.408484	26_100	409	1	3	4	300411	1	
09:47:32.408493	26_102	410	1	3	4	300412	1	
09:47:32.408916	51_72	411	1	1	4	300413	1	
09:47:36.404518	51_73	412	0	0	4	300414	1	
09:47:38.353778	51_74	413	1	1	4	300415	1	
09:47:41.415810	51_75	414	0	0	4	300416	1	
09:47:43.346850	71_167	415	0	0	4	300417	1	
09:47:43.848073	51_76	416	1	1	4	300418	1	
09:47:45.371196	41_261	417	0	0	4	300419	1	
09:47:45.874687	61_167	418	0	0	3	300420	
09:47:46.888923	26_103	419	0	0	4	300421	1	
09:47:48.408156	41_264	420	0	0	4	300422	1	
09:47:48.408221	61_168	421	0	0	4	300423	1	
09:47:49.410964	41_265	422	1	1	4	300424	2	
09:47:49.410973	26_105	423	1	3	4	300425	2	
09:47:49.411039	61_169	424	1	1	4	300426	1	
09:47:50.331938	41_267	425	0	0	4	300427	1	
09:47:50.837228	71_169	426	1	1	3	300428	
09:47:50.837238	26_107	427	0	0	4	300429	2	
09:47:51.341883	26_108	428	1	3	4	300430	2	
09:47:52.374530	41_269	429	0	0	4	300431	1	
09:47:53.392838	61_171	430	0	0	4	300432	1	
09:47:53.392844	71_172	431	1	1	4	300433	1	
09:47:54.399855	41_272	432	1	1	4	300434	1	
09:47:55.405708	41_274	433	0	0	4	300435	1	
09:47:56.420722	61_173	434	1	1	4	300436	1	
09:47:59.381493	41_277	435	1	1	4	300437	1	
09:47:59.381530	61_175	436	0	0	4	300438	1	
09:48:00.333170	71_178	437	0	0	4	300439	1	
09:48:01.355371	71_180	438	1	1	4	300440	1	
09:48:01.355384	26_113	439	0	0	4	300441	2	
09:48:01.860445	61_176	440	1	1	4	300442	1	
09:48:03.377569	41_281	441	0	0	4	300443	1	
09:48:03.880551	26_114	442	0	0	4	300444	2	
09:48:03.880607	61_177	443	0	0	3	300445	
09:48:04.381473	51_80	444	0	0	3	300446	
09:48:04.381641	26_115	445	1	3	4	300447	2	
09:48:04.381645	41_283	446	1	1	3	300448	
09:48:04.381649	26_116	447	1	3	4	300449	2	
09:48:04.381707	61_178	448	0	0	4	300450	1	
09:48:05.402383	26_115	449	1	3	1	
09:48:05.889236	41_285	450	0	0	4	300451	1	
09:48:06.401799	26_115	451	1	3	1	
09:48:06.898659	61_180	452	0	0	4	300452	1	
09:48:08.409426	61_181	453	0	0	4	300453	1	
09:48:08.914623	71_187	454	0	0	4	300454	1	
09:48:08.914759	61_182	455	0	0	4	300455	1	
09:48:09.921755	61_183	456	1	1	4	300456	1	
09:48:10.423415	41_286	457	1	1	4	300457	2	
09:48:10.924264	71_189	458	1	1	4	300458	1	
09:48:12.343339	888_8	459	0	0	3	300459	
09:48:12.849036	26_119	460	0	0	4	300460	1	
09:48:13.869479	71_191	461	0	0	4	300461	1	
09:48:15.906959	26_120	462	1	3	4	300462	2	
09:48:16.916042	26_121	463	0	0	4	300463	1	
09:48:19.347918	26_122	464	1	3	4	300464	2	
09:48:19.850524	71_193	465	1	1	4	300465	1	
09:48:23.919768	51_83	466	0	0	4	300466	1	
09:48:25.870088	51_84	467	1	1	4	300467	1	
09:48:27.897624	41_291	468	0	0	4	300468	1	
09:48:29.334711	41_292	469	1	1	4	300469	1	
09:48:34.920855	61_189	470	0	0	4	300470	1	
09:48:35.350467	61_190	471	0	0	4	300471	1	
09:48:35.857826	61_191	472	0	0	4	300472	1	
09:48:38.399363	61_192	473	1	1	4	300473	3	
09:48:45.417716	71_198	474	0	0	3	300474	
09:48:45.835223	61_194	475	0	0	3	300475	
09:48:52.388893	61_195	476	0	0	4	300476	1	
09:48:53.834431	61_196	477	0	0	3	300477	
09:48:57.374488	61_198	478	1	1	4	300478	1	
09:48:58.403960	61_199	479	0	0	4	300479	1	
09:49:01.422614	61_200	480	1	1	4	300480	1	
09:49:01.842287	71_200	481	0	0	4	300481	1	
09:49:03.884579	71_201	482	1	1	4	300482	1	
09:49:06.336845	71_202	483	0	0	4	300483	1	
09:49:06.336860	26_125	484	0	0	4	300484	2	
09:49:07.850878	71_203	485	1	1	4	300485	1	
09:49:07.850899	26_126	486	1	3	4	300486	1	
09:49:08.367501	26_126	487	1	3	1	
09:49:10.375411	61_204	488	0	0	4	300487	1	
09:49:11.389185	61_206	489	0	0	4	300488	1	
09:49:12.402567	41_303	490	0	0	4	300489	1	
09:49:12.402659	61_207	491	0	0	4	300490	1	
09:49:12.915132	71_205	492	0	0	4	300491	1	
09:49:12.915218	61_208	493	0	0	4	300492	1	
09:49:13.830291	51_86	494	0	0	4	300493	1	
09:49:13.830300	41_306	495	0	0	4	300494	1	
09:49:13.830305	26_128	496	0	0	4	300495	1	
09:49:14.350200	71_206	497	0	0	4	300496	1	
09:49:14.867002	61_209	498	1	1	4	300497	1	
09:49:16.831822	41_307	499	1	1	4	300498	1	
09:49:17.359792	71_207	500	1	1	4	300499	1	
09:49:18.386580	51_87	501	1	1	4	300501	1	
09:49:18.386750	61_211	502	0	0	3	300502	
09:49:18.896170	71_210	503	0	0	3	300503	
09:49:19.413079	26_130	504	1	3	4	300504	1	
09:49:23.925898	41_309	505	0	0	4	300505	1	
09:49:24.845057	71_212	506	0	0	3	300506	
09:49:24.845092	41_310	507	1	1	4	300507	1	
09:49:25.365750	71_213	508	0	0	4	300508	1	
09:49:28.342947	71_215	509	0	0	4	300509	1	
09:49:30.409649	71_216	510	1	1	4	300510	1	
09:49:31.880026	71_217	511	0	0	4	300511	1	
09:49:32.393422	51_90	512	0	0	4	300512	1	
09:49:32.393522	41_311	513	0	0	4	300513	1	
09:49:32.912904	71_219	514	0	0	4	300514	1	
09:49:33.855753	71_221	515	1	1	4	300515	1	
09:49:34.875637	71_223	516	0	0	4	300516	1	
09:49:35.387442	41_313	517	1	1	4	300517	1	
09:49:35.387448	51_91	518	1	1	4	300518	1	
09:49:37.855498	41_316	519	0	0	4	300519	1	
09:49:38.359061	41_317	520	0	0	4	300520	1	
09:49:38.359116	61_216	521	0	0	3	300521	
09:49:38.891531	26_131	522	0	0	3	300522	
09:49:39.396521	71_225	523	0	0	4	300523	1	
09:49:39.906693	51_92	524	0	0	3	300524	
09:49:39.906812	41_318	525	0	0	4	300525	1	
09:49:42.373883	41_319	526	1	1	4	300526	3	
09:49:47.843707	41_322	527	0	0	4	300527	1	
09:49:48.870018	41_323	528	1	1	4	300528	1	
09:49:48.870137	61_218	529	0	0	3	300529	
09:49:49.380882	51_93	530	0	0	4	300530	1	
09:49:51.853029	51_94	531	1	1	3	300531	
09:49:56.860336	26_135	532	0	0	4	300532	1	
09:49:57.894609	26_136	533	1	3	4	300533	1	
09:50:03.420510	51_95	534	1	1	4	300534	1	
09:50:07.341654	26_137	535	0	0	4	300535	2	
09:50:08.884186	26_138	536	1	3	4	300536	2	
09:50:09.396810	26_138	537	1	3	1	
09:50:13.837518	888_9	538	0	0	3	300537	
09:50:21.915927	51_100	539	0	0	4	300538	1	
09:50:22.418180	51_101	540	1	1	4	300539	1	
09:50:25.850268	51_102	541	0	0	4	300540	1	
09:50:29.385683	51_103	542	1	1	4	300541	1	
09:50:36.363845	51_104	543	0	0	4	300542	1	
09:50:37.881656	51_105	544	1	1	3	300543	
09:50:41.369800	26_146	545	0	0	3	300544	
09:50:43.923714	51_106	546	1	1	4	300545	1	
09:50:48.398248	26_151	547	0	0	4	300546	1	
09:50:50.337444	26_154	548	1	3	4	300547	1	
09:50:56.356922	26_155	549	0	0	4	300548	1	
09:50:57.914310	26_156	550	1	3	4	300549	1	
09:50:59.845905	51_110	551	0	0	4	300550	1	
09:51:02.383482	51_111	552	1	1	4	300551	1	
09:51:05.343511	51_112	553	0	0	3	300552	
09:51:21.904139	26_158	554	0	0	4	300553	1	
09:51:26.384639	26_160	555	1	3	4	300554	2	
09:51:47.364646	26_161	556	0	0	3	300555	
09:51:52.382498	26_163	557	0	0	4	300556	1	
09:51:53.388822	26_164	558	1	3	4	300557	1	
09:52:01.847510	26_165	559	0	0	4	300558	1	
09:52:02.350237	26_166	560	1	3	4	300559	1	
09:52:12.332045	26_167	561	0	0	4	300560	1	
09:52:13.867089	26_168	562	1	3	4	300561	1	
09:52:15.390982	888_10	563	0	0	3	300562	
09:52:20.387716	26_169	564	0	0	4	300563	2	
09:52:20.897907	26_170	565	0	0	4	300564	1	
09:52:21.412418	26_171	566	1	3	4	300565	1	
09:52:21.412422	26_172	567	1	3	4	300566	2	
09:52:22.339891	26_171	568	1	3	1	
09:52:24.922796	51_118	569	0	0	4	300567	1	
09:52:28.903467	51_119	570	1	1	4	300568	1	
09:52:36.403340	51_120	571	0	0	4	300569	1	
09:52:36.830324	51_121	572	1	1	4	300570	1	
09:52:51.363119	51_124	573	0	0	4	300571	1	
09:52:53.396588	51_125	574	1	1	4	300572	1	
09:52:53.912524	26_175	575	0	0	4	300573	1	
09:52:56.346913	26_176	576	1	3	4	300574	1	
09:53:13.410724	71_227	577	1	1	3	300575	
09:53:15.882008	71_229	578	1	1	3	300576	
09:53:18.328622	26_177	579	0	0	4	300577	1	
09:53:19.367087	26_178	580	1	3	4	300578	2	
09:53:20.396881	71_232	581	1	1	3	300579	
09:53:21.844852	41_330	582	0	0	4	300580	1	
09:53:23.375372	41_332	583	0	0	4	300581	1	
09:53:23.884853	41_333	584	0	0	4	300582	1	
09:53:24.397935	51_133	585	0	0	3	300583	
09:53:24.902415	41_334	586	0	0	4	300584	1	
09:53:24.902425	26_179	587	0	0	4	300585	1	
09:53:25.406574	26_180	588	1	3	4	300586	1	
09:53:25.406579	41_335	589	1	1	4	300587	1	
09:53:26.326831	71_234	590	1	1	3	300588	
09:53:27.353925	41_337	591	0	0	4	300589	1	
09:53:27.866827	41_338	592	1	1	4	300590	1	
09:53:28.911767	41_339	593	0	0	4	300591	1	
09:53:31.887858	41_341	594	1	1	4	300592	1	
09:53:34.827032	41_343	595	0	0	4	300593	1	
09:53:35.366536	71_237	596	1	1	3	300594	
09:53:37.393847	41_346	597	1	1	4	300595	1	
09:53:39.347550	41_348	598	0	0	4	300596	1	
09:53:40.867064	41_349	599	0	0	4	300597	1	
09:53:41.900016	71_239	600	1	1	4	300598	1	
09:53:41.900039	41_350	601	1	1	4	300599	1	
09:53:42.325340	26_182	602	0	0	4	300600	1	
09:53:42.829599	26_184	603	1	3	4	300601	1	
09:53:51.875803	26_187	604	0	0	4	300602	1	
09:53:55.338021	26_188	605	1	3	4	300603	2	
09:53:57.381801	71_242	606	0	0	4	300604	1	
09:53:57.890498	71_243	607	1	1	4	300605	1	
09:54:02.332044	26_191	608	0	0	4	300606	1	
09:54:03.368669	41_352	609	0	0	4	300607	1	
09:54:03.877656	41_353	610	1	1	4	300608	1	
09:54:03.877663	26_192	611	1	3	4	300609	2	
09:54:04.383594	71_244	612	0	0	4	300610	1	
09:54:05.897684	71_245	613	1	1	3	300611	
09:54:08.333927	51_138	614	0	0	4	300612	1	
09:54:09.868990	41_356	615	0	0	4	300613	1	
09:54:10.384184	71_246	616	1	1	4	300614	1	
09:54:10.887270	71_247	617	0	0	4	300615	1	
09:54:11.402709	71_248	618	1	1	3	300616	
09:54:11.402734	41_358	619	1	1	4	300617	1	
09:54:12.420048	51_139	620	1	1	3	300618	
09:54:14.374745	71_249	621	1	1	4	300619	1	
09:54:14.882857	41_361	622	0	0	4	300620	1	
09:54:15.894218	888_11	623	0	0	3	300621	
09:54:16.406860	51_140	624	1	1	4	300622	1	
09:54:17.828747	41_362	625	1	1	4	300623	1	
09:54:19.391718	41_365	626	0	0	4	300624	1	
09:54:19.902189	71_250	627	0	0	4	300625	1	
09:54:19.902193	41_366	628	0	0	4	300626	1	
09:54:20.414148	41_367	629	0	0	3	300627	
09:54:20.834159	71_251	630	0	0	3	300628	
09:54:21.850314	71_253	631	0	0	3	300629	
09:54:22.863189	26_193	632	0	0	4	300630	1	
09:54:23.373934	41_371	633	1	1	4	300632	2	
09:54:25.408428	71_254	634	1	1	3	300633	
09:54:25.408461	26_194	635	1	3	4	300634	1	
09:54:28.396037	71_258	636	1	1	4	300635	1	
09:54:31.878748	41_374	637	0	0	4	300636	1	
09:54:32.393130	41_375	638	0	0	4	300637	1	
09:54:32.903694	41_376	639	0	0	4	300638	1	
09:54:35.377700	41_379	640	1	1	4	300639	3	
09:54:40.854490	51_143	641	0	0	4	300640	1	
09:54:41.395957	51_144	642	1	1	4	300641	1	
09:54:54.876039	71_267	643	0	0	4	300642	1	
09:54:54.876045	41_383	644	0	0	4	300643	1	
09:54:55.399424	41_384	645	0	0	4	300644	1	
09:54:57.873341	41_386	646	1	1	4	300645	1	
09:55:00.881017	71_268	647	1	1	4	300646	1	
09:55:04.828307	51_145	648	0	0	3	300647	
09:55:22.876553	41_396	649	0	0	3	300648	
09:55:23.379901	71_271	650	0	0	3	300649	
09:55:24.916937	71_272	651	0	0	4	300650	1	
09:55:25.842203	71_273	652	1	1	4	300651	1	
09:55:37.365366	71_275	653	0	0	4	300652	1	
09:55:37.884630	71_276	654	0	0	3	300653	
09:55:41.327898	51_146	655	0	0	3	300654	
09:55:41.836163	71_277	656	1	1	4	300655	1	
09:55:45.326417	71_279	657	0	0	4	300656	1	
09:55:46.344880	71_281	658	0	0	4	300657	1	
09:55:47.347814	71_283	659	1	1	4	300658	1	
09:55:51.910855	41_402	660	0	0	4	300659	1	
09:55:51.910859	26_203	661	0	0	4	300660	1	
09:55:53.326649	26_204	662	1	3	4	300661	1	
09:55:53.829306	41_404	663	1	1	4	300662	1	
09:56:00.901075	41_406	664	0	0	4	300663	1	
09:56:02.866595	51_148	665	0	0	3	300664	
09:56:08.398445	41_409	666	0	0	4	300665	1	
09:56:08.904161	41_410	667	0	0	4	300666	1	
09:56:09.320293	51_149	668	0	0	4	300667	1	
09:56:09.846327	41_411	669	1	1	4	300668	1	
09:56:11.834556	51_150	670	1	1	4	300669	1	
09:56:13.825808	41_413	671	0	0	4	300670	1	
09:56:14.863857	51_151	672	0	0	4	300671	1	
09:56:17.334128	41_415	673	1	1	4	300672	1	
09:56:18.350723	71_290	674	0	0	4	300673	1	
09:56:18.878536	26_206	675	0	0	4	300674	1	
09:56:19.382661	71_291	676	0	0	4	300675	1	
09:56:19.884635	26_208	677	1	3	4	300676	1	
09:56:19.884649	888_12	678	0	0	3	300677	
09:56:21.342812	71_292	679	1	1	4	300678	1	
09:56:22.372173	51_152	680	1	1	4	300679	1	
09:56:22.372190	71_293	681	0	0	3	300680	
09:56:30.345484	41_425	682	0	0	4	300681	1	
09:56:33.350375	41_426	683	1	1	4	300682	1	
09:56:37.413002	41_429	684	0	0	3	300683	
09:56:37.834200	71_297	685	0	0	3	300684	
09:56:42.408494	41_431	686	0	0	4	300685	1	
09:56:43.354437	41_432	687	1	1	4	300686	1	
09:56:45.320298	51_155	688	0	0	4	300687	1	
09:56:45.320484	41_433	689	0	0	4	300688	1	
09:56:47.828570	41_434	690	1	1	4	300689	1	
09:56:48.877485	51_156	691	1	1	4	300690	1	
09:56:54.342896	71_298	692	0	0	4	300691	1	
09:56:55.375799	71_299	693	1	1	4	300692	1	
09:57:02.888719	41_438	694	0	0	3	300693	
09:57:03.391178	71_302	695	0	0	4	300694	1	
09:57:03.391188	41_439	696	0	0	4	300695	1	
09:57:03.391205	26_213	697	0	0	4	300696	1	
09:57:04.313364	26_214	698	1	3	4	300697	2	
09:57:04.826293	71_305	699	1	1	4	300698	1	
09:57:05.336143	41_442	700	1	1	3	300699	
09:57:06.888315	41_443	701	0	0	4	300700	1	
09:57:08.839123	41_446	702	0	0	4	300701	1	
09:57:08.839159	71_307	703	0	0	4	300702	1	
09:57:08.839183	26_215	704	0	0	4	300703	1	
09:57:09.359148	71_308	705	1	1	4	300704	1	
09:57:10.393248	26_216	706	1	3	4	300705	2	
09:57:10.903923	41_447	707	1	1	4	300706	1	
09:57:14.379306	41_449	708	0	0	4	300707	1	
09:57:16.320980	51_160	709	0	0	3	300708	
09:57:16.321067	41_452	710	0	0	4	300709	1	
09:57:16.836268	41_453	711	1	1	4	300710	1	
09:57:17.845754	41_455	712	0	0	4	300711	1	
09:57:22.342178	41_458	713	0	0	4	300712	1	
09:57:24.812829	41_460	714	1	1	4	300713	1	
09:57:27.908542	41_462	715	0	0	4	300714	1	
09:57:31.336352	71_311	716	0	0	4	300715	1	
09:57:31.860479	51_161	717	0	0	4	300716	1	
09:57:32.892552	41_463	718	1	1	4	300717	1	
09:57:34.892345	51_162	719	1	1	4	300718	1	
09:57:36.345809	71_313	720	0	0	4	300719	1	
09:57:36.345813	41_464	721	0	0	3	300720	
09:57:36.872380	51_163	722	0	0	3	300721	
09:57:36.872517	71_314	723	0	0	4	300722	1	
09:57:36.872527	41_465	724	0	0	3	300723	
09:57:37.403871	41_466	725	0	0	4	300724	1	
09:57:38.325128	71_317	726	1	1	4	300726	2	
09:57:39.344335	41_468	727	1	1	4	300727	1	
09:57:42.352028	41_470	728	0	0	4	300728	1	
09:57:42.867537	71_319	729	0	0	4	300729	1	
09:57:44.839171	41_472	730	1	1	3	300730	
09:57:45.344801	71_321	731	1	1	4	300731	1	
09:57:47.375079	26_223	732	0	0	4	300732	2	
09:57:47.876935	26_224	733	1	3	4	300733	2	
09:57:47.876946	41_475	734	1	1	4	300734	1	
09:57:51.885006	41_477	735	0	0	4	300735	1	
09:57:53.334654	41_478	736	1	1	4	300736	1	
09:57:59.311607	26_225	737	0	0	3	300737	
09:57:59.311650	888_13	738	0	0	3	300738	
09:58:07.399552	41_485	739	0	0	4	300739	1	
09:58:08.824731	41_486	740	1	1	4	300740	1	
09:58:12.376102	41_488	741	0	0	3	300741	
09:58:12.881297	71_330	742	0	0	4	300742	1	
09:58:12.881317	26_227	743	0	0	4	300743	1	
09:58:14.391589	26_228	744	1	3	4	300744	2	
09:58:14.893310	71_332	745	1	1	4	300745	1	
09:58:18.825710	26_229	746	0	0	3	300746	
09:58:28.858113	26_233	747	0	0	4	300747	2	
09:58:29.365802	41_500	748	0	0	4	300748	1	
09:58:30.385257	26_234	749	1	3	4	300749	1	
09:58:30.895826	41_501	750	1	1	4	300750	1	
09:58:33.361482	41_503	751	0	0	4	300751	1	
09:58:35.880578	41_505	752	1	1	4	300752	1	
09:58:39.404051	41_507	753	0	0	4	300753	1	
09:58:40.327349	41_509	754	0	0	4	300754	1	
09:58:41.374682	71_334	755	0	0	3	300755	
09:58:41.886942	41_510	756	0	0	3	300756	
09:58:44.340153	41_511	757	0	0	4	300757	1	
09:58:45.372924	41_512	758	1	1	4	300758	2	
09:58:47.815645	51_171	759	0	0	3	300759	
09:58:51.904154	41_514	760	0	0	4	300760	1	
09:58:52.315439	41_515	761	1	1	4	300761	1	
09:58:54.346844	51_172	762	0	0	4	300762	1	
09:58:55.396370	51_173	763	1	1	4	300763	1	
09:58:56.821773	71_337	764	0	0	3	300764	
09:59:03.342756	51_175	765	0	0	4	300765	1	
09:59:04.894194	41_522	766	0	0	3	300766	
09:59:06.329727	51_176	767	1	1	4	300767	1	
09:59:06.837642	26_242	768	0	0	3	300768	
09:59:07.880073	51_177	769	0	0	4	300769	1	
09:59:09.396024	51_178	770	1	1	4	300770	1	
09:59:10.845641	71_341	771	0	0	3	300771	
09:59:14.824202	41_524	772	0	0	4	300772	1	
09:59:15.340248	41_525	773	1	1	4	300773	1	
09:59:16.884286	41_526	774	0	0	4	300774	1	
09:59:17.391885	41_527	775	0	0	4	300775	1	
09:59:17.812774	41_528	776	1	1	4	300776	1	
09:59:23.373465	41_532	777	0	0	4	300777	1	
09:59:27.393361	41_534	778	1	1	4	300778	1	
09:59:30.366770	26_245	779	0	0	4	300779	1	
09:59:30.880805	26_246	780	0	0	3	300780	
09:59:31.898254	71_345	781	0	0	3	300781	
09:59:31.898293	26_247	782	1	3	4	300782	1	
09:59:40.880767	41_541	783	0	0	4	300783	1	
09:59:42.373591	41_542	784	1	1	4	300784	1	
09:59:47.338605	51_181	785	0	0	4	300785	1	
09:59:48.376763	51_182	786	1	1	4	300786	1	
09:59:48.376829	41_544	787	0	0	3	300787	
09:59:49.390623	26_251	788	0	0	4	300788	2	
09:59:49.898845	51_183	789	0	0	4	300789	1	
09:59:50.408695	26_254	790	1	3	4	300790	1	
09:59:50.813099	51_184	791	1	1	4	300791	1	
09:59:54.405254	71_349	792	0	0	4	300792	1	
09:59:54.405264	41_548	793	0	0	4	300793	1	
09:59:55.845697	41_549	794	1	1	4	300794	1	
09:59:57.377319	71_350	795	1	1	3	300795	
09:59:59.343178	888_14	796	0	0	3	300796	
10:00:00.358129	41_551	797	0	0	4	300797	1	
10:00:00.358134	26_255	798	0	0	4	300798	1	
10:00:02.815447	71_353	799	1	1	3	300799	
10:00:02.815466	26_256	800	1	3	4	300800	1	
10:00:03.334381	41_553	801	0	0	4	300801	1	
10:00:04.873187	71_355	802	1	1	4	300802	1	
10:00:05.888943	41_554	803	0	0	4	300803	1	
10:00:07.401387	26_257	804	0	0	4	300804	1	
10:00:08.320159	26_258	805	1	3	4	300805	1	
10:00:13.332503	26_259	806	0	0	3	300806	
10:00:14.350961	41_555	807	1	1	4	300807	3	
10:00:16.385636	41_557	808	0	0	4	300808	1	
10:00:16.385642	26_261	809	0	0	4	300809	1	
10:00:17.309277	71_366	810	0	0	3	300810	
10:00:17.825627	41_558	811	1	1	4	300811	1	
10:00:18.850142	26_262	812	1	3	4	300812	1	
10:00:20.379941	71_367	813	0	0	3	300813	
10:00:20.379948	41_559	814	0	0	4	300814	1	
10:00:21.309345	71_368	815	0	0	4	300815	1	
10:00:21.309394	41_560	816	1	1	4	300816	1	
10:00:24.862967	41_561	817	0	0	4	300817	1	
10:00:25.913413	41_562	818	0	0	3	300818	
10:00:26.865506	41_564	819	1	1	4	300819	1	
10:00:27.387587	71_369	820	1	1	4	300820	1	
10:00:28.854036	41_566	821	0	0	4	300821	1	
10:00:31.841391	41_568	822	0	0	4	300822	1	
10:00:33.391372	41_569	823	1	1	4	300823	1	
10:00:37.361542	41_571	824	0	0	3	300824	
10:00:42.853499	51_191	825	0	0	4	300825	1	
10:00:43.878921	41_572	826	0	0	4	300826	1	
10:00:44.395609	71_370	827	0	0	3	300827	
10:00:44.909345	71_371	828	0	0	3	300828	
10:00:44.909350	41_574	829	0	0	4	300829	1	
10:00:45.824052	51_192	830	1	1	4	300830	1	
10:00:46.859963	41_575	831	1	1	4	300831	1	
10:00:50.390631	41_577	832	0	0	3	300832	
10:00:50.390678	26_267	833	0	0	4	300833	1	
10:00:51.342250	51_193	834	0	0	4	300834	1	
10:00:51.861513	26_269	835	1	3	4	300835	1	
10:00:52.887137	51_194	836	1	1	4	300836	1	
10:00:59.887302	71_374	837	0	0	4	300837	1	
10:00:59.887307	41_581	838	0	0	4	300838	1	
10:01:00.806660	51_195	839	0	0	4	300839	1	
10:01:00.806768	41_582	840	0	0	4	300840	1	
10:01:02.379349	41_584	841	0	0	4	300841	1	
10:01:03.818150	51_196	842	1	1	3	300842	
10:01:06.815822	71_375	843	1	1	4	300843	1	
10:01:07.320386	51_197	844	1	1	4	300844	1	
10:01:07.843556	41_585	845	1	1	4	300846	3	
10:01:20.343570	71_377	846	0	0	3	300847	
10:01:33.866059	71_378	847	0	0	3	300848	
10:01:34.869509	71_380	848	0	0	3	300849	
10:01:36.911427	26_271	849	0	0	4	300850	1	
10:01:37.841140	26_272	850	1	3	4	300851	2	
10:01:40.336210	41_594	851	0	0	4	300852	1	
10:01:41.875744	41_595	852	0	0	4	300853	1	
10:01:41.875753	26_273	853	0	0	4	300854	1	
10:01:43.324566	41_597	854	1	1	4	300855	1	
10:01:43.324572	26_274	855	1	3	4	300856	1	
10:01:45.819478	41_599	856	0	0	4	300857	1	
10:01:46.842481	71_382	857	0	0	4	300858	1	
10:01:48.881056	41_604	858	1	1	3	300859	
10:01:49.382768	71_383	859	1	1	4	300860	1	
10:01:51.395873	26_277	860	0	0	4	300861	1	
10:01:52.848880	41_606	861	1	1	4	300862	1	
10:01:54.411185	26_278	862	1	3	3	300863	
10:01:54.829521	26_278	863	1	3	1	
10:01:55.321725	41_608	864	0	0	4	300864	1	
10:01:55.835373	41_609	865	0	0	4	300865	1	
10:01:58.863032	41_610	866	0	0	4	300866	1	
10:01:59.372336	41_611	867	1	1	4	300867	1	
10:01:59.372344	26_279	868	1	3	4	300868	1	
10:01:59.902150	888_15	869	0	0	3	300869	
10:02:02.823236	41_612	870	0	0	4	300870	1	
10:02:06.386972	41_614	871	1	1	4	300871	1	
10:02:11.312703	51_202	872	0	0	4	300872	1	
10:02:12.827471	51_203	873	1	1	3	300873	
10:02:14.834879	71_384	874	0	0	4	300874	1	
10:02:15.337600	51_204	875	1	1	4	300875	1	
10:02:15.838111	51_205	876	0	0	4	300876	1	
10:02:17.850702	51_206	877	1	1	4	300877	1	
10:02:17.850789	71_385	878	1	1	4	300878	1	
10:02:19.360292	51_207	879	0	0	4	300879	1	
10:02:20.363262	71_386	880	0	0	3	300880	
10:02:20.865096	71_387	881	0	0	4	300881	1	
10:02:21.873917	71_388	882	1	1	3	300882	
10:02:22.383503	51_208	883	1	1	4	300883	1	
10:02:24.904093	71_390	884	0	0	4	300884	1	
10:02:25.306271	71_391	885	0	0	3	300885	
10:02:25.306300	26_283	886	0	0	4	300886	1	
10:02:27.829686	26_285	887	1	3	4	300887	1	
10:02:28.834192	71_392	888	1	1	4	300888	2	
10:02:37.385021	71_395	889	0	0	4	300889	1	
10:02:38.826153	71_396	890	1	1	4	300890	1	
10:02:40.367435	71_397	891	0	0	4	300891	1	
10:02:47.885966	71_400	892	1	1	4	300892	1	
10:03:04.330040	26_288	893	0	0	4	300893	1	
10:03:06.357410	26_289	894	1	3	4	300894	1	
10:03:06.878099	26_289	895	1	3	1	
10:03:08.388041	41_633	896	0	0	3	300895	
10:03:08.388048	26_290	897	0	0	4	300896	1	
10:03:11.325831	71_403	898	0	0	3	300897	
10:03:11.828498	26_291	899	0	0	4	300898	1	
10:03:12.839120	26_292	900	1	3	4	300899	1	
10:03:12.839125	26_293	901	1	3	4	300900	1	
10:03:17.374746	41_635	902	0	0	4	300901	1	
10:03:18.383900	41_636	903	0	0	4	300902	1	
10:03:20.311994	41_637	904	1	1	4	300903	1	
10:03:20.835836	41_638	905	1	1	4	300904	1	
10:03:24.868816	41_641	906	0	0	3	300905	
10:03:29.327025	41_643	907	0	0	4	300906	1	
10:03:31.398002	41_644	908	0	0	4	300907	1	
10:03:31.834256	41_645	909	1	1	4	300908	1	
10:03:32.846877	71_411	910	0	0	3	300909	
10:03:40.859785	51_216	911	0	0	3	300910	
10:03:40.859859	41_649	912	0	0	4	300911	1	
10:03:41.374794	41_650	913	1	1	4	300912	1	
10:03:43.872348	41_652	914	0	0	4	300913	1	
10:03:44.395061	41_653	915	0	0	3	300914	
10:03:44.395394	26_298	916	0	0	3	300915	
10:03:46.883962	41_654	917	1	1	4	300916	1	
10:03:50.816408	41_655	918	0	0	4	300917	1	
10:03:52.398224	41_656	919	0	0	4	300918	1	
10:03:57.834122	41_658	920	1	1	4	300919	1	
10:04:01.312678	41_660	921	0	0	3	300920	
10:04:01.832448	51_217	922	0	0	3	300921	
10:04:01.832555	41_661	923	0	0	4	300922	1	
10:04:02.335114	71_418	924	0	0	4	300923	1	
10:04:02.335147	26_300	925	0	0	3	300924	
10:04:02.841962	888_16	926	0	0	3	300925	
10:04:03.865232	41_663	927	1	1	4	300926	1	
10:04:06.858063	51_218	928	0	0	4	300927	1	
10:04:07.374501	71_419	929	1	1	4	300928	1	
10:04:07.802350	51_219	930	1	1	4	300929	1	
10:04:08.314319	41_666	931	0	0	4	300930	1	
10:04:09.345159	41_668	932	0	0	4	300931	1	
10:04:10.370430	41_669	933	1	1	4	300932	1	
10:04:22.329788	41_679	934	0	0	4	300933	1	
10:04:22.832945	41_680	935	0	0	4	300934	1	
10:04:23.851697	41_681	936	0	0	3	300935	
10:04:26.333397	41_682	937	1	1	4	300936	1	
10:04:46.396737	41_692	938	0	0	4	300937	1	
10:04:49.360590	41_694	939	1	1	3	300938	
10:04:51.834146	41_696	940	1	1	4	300939	1	
10:04:52.344627	41_698	941	0	0	4	300940	1	
10:04:52.865968	41_699	942	0	0	4	300941	1	
10:04:53.384440	41_700	943	0	0	4	300942	1	
10:04:53.903561	41_701	944	0	0	4	300943	1	
10:04:59.306228	41_703	945	1	1	4	300944	1	
10:05:01.334818	41_707	946	0	0	4	300945	1	
10:05:01.334826	26_306	947	0	0	4	300946	1	
10:05:01.849853	51_224	948	0	0	4	300947	1	
10:05:01.849968	41_708	949	0	0	4	300948	1	
10:05:03.887409	26_308	950	1	3	4	300949	1	
10:05:03.887414	41_709	951	1	1	4	300950	2	
10:05:04.396564	51_225	952	1	1	4	300951	1	
10:05:07.306973	41_711	953	0	0	4	300952	1	
10:05:08.859318	51_226	954	0	0	4	300953	1	
10:05:08.859386	41_713	955	0	0	4	300954	1	
10:05:09.371643	41_714	956	1	1	3	300955	
10:05:10.802352	71_429	957	0	0	4	300956	1	
10:05:11.305290	41_716	958	0	0	4	300957	1	
10:05:11.807551	41_717	959	0	0	4	300958	1	
10:05:11.807559	71_430	960	0	0	4	300959	1	
10:05:12.812765	71_432	961	1	1	4	300960	1	
10:05:13.315167	51_227	962	1	1	3	300961	
10:05:14.827257	41_718	963	1	1	4	300962	1	
10:05:15.836479	26_310	964	0	0	3	300963	
10:05:16.338108	71_435	965	0	0	3	300964	
10:05:16.338115	41_721	966	0	0	4	300965	1	
10:05:16.338119	26_311	967	0	0	4	300966	2	
10:05:16.843753	41_722	968	0	0	4	300967	1	
10:05:17.345466	41_723	969	1	1	4	300968	1	
10:05:17.345474	26_314	970	1	3	4	300969	2	
10:05:17.346241	71_437	971	0	0	3	300970	
10:05:17.851112	51_228	972	1	1	4	300971	1	
10:05:19.363883	26_316	973	0	0	4	300972	2	
10:05:20.391199	26_317	974	1	3	4	300973	1	
10:05:23.328110	41_726	975	0	0	4	300974	1	
10:05:23.829902	41_727	976	0	0	4	300975	1	
10:05:24.336356	71_439	977	0	0	4	300976	1	
10:05:24.838479	41_728	978	0	0	4	300977	1	
10:05:25.342804	41_729	979	1	1	3	300978	
10:05:25.844468	71_441	980	1	1	3	300979	
10:05:26.348938	41_730	981	0	0	4	300980	1	
10:05:27.352326	71_443	982	0	0	4	300981	1	
10:05:27.853667	71_444	983	0	0	4	300982	1	
10:05:27.853687	26_318	984	0	0	4	300983	1	
10:05:28.354639	41_732	985	1	1	4	300984	1	
10:05:29.357696	26_319	986	1	3	4	300985	1	
10:05:31.380420	71_447	987	1	1	3	300986	
10:05:33.825597	41_734	988	0	0	4	300987	1	
10:05:34.337228	41_735	989	0	0	4	300988	1	
10:05:34.842394	41_736	990	0	0	4	300989	1	
10:05:35.345172	26_320	991	0	0	3	300990	
10:05:36.347110	26_321	992	0	0	4	300991	1	
10:05:37.857138	71_450	993	1	1	4	300992	1	
10:05:38.367479	26_322	994	0	0	4	300993	1	
10:05:39.375928	41_739	995	1	1	4	300994	1	
10:05:40.387700	26_324	996	1	3	4	300995	1	
10:05:40.387705	26_325	997	1	3	4	300996	2	
10:05:41.803327	71_453	998	0	0	4	300997	1	
10:05:42.307018	71_454	999	1	1	4	300998	1	
10:05:42.819340	41_742	1000	0	0	4	300999	1	
10:05:42.819346	26_326	1001	0	0	4	301000	2	
10:05:43.331213	71_455	1002	0	0	4	301001	1	
10:05:43.331217	41_743	1003	0	0	4	301002	1	
10:05:45.380991	51_232	1004	0	0	4	301003	1	
10:05:45.381099	41_745	1005	0	0	4	301004	1	
10:05:45.885049	71_458	1006	1	1	3	301005	
10:05:46.398467	26_327	1007	1	3	4	301006	1	
10:05:46.807820	51_233	1008	1	1	3	301007	
10:05:49.330755	71_459	1009	1	1	4	301008	1	
10:05:51.848114	41_746	1010	1	1	4	301009	2	
10:05:52.364141	51_234	1011	1	1	4	301010	1	
10:05:53.375118	41_748	1012	0	0	4	301011	1	
10:05:53.878641	71_465	1013	0	0	4	301012	1	
10:05:55.389304	41_751	1014	1	1	4	301013	1	
10:05:56.802217	71_467	1015	1	1	3	301014	
10:05:57.303421	41_754	1016	0	0	4	301015	1	
10:05:59.316585	51_235	1017	0	0	3	301016	
10:05:59.316677	41_755	1018	0	0	4	301017	1	
10:05:59.316816	888_17	1019	0	0	3	301018	
10:06:00.322053	41_756	1020	1	1	4	301019	1	
10:06:02.353962	71_472	1021	1	1	4	301020	1	
10:06:03.370125	26_330	1022	0	0	4	301022	2	
10:06:03.886457	71_475	1023	0	0	3	301023	
10:06:04.397614	26_331	1024	0	0	4	301024	1	
10:06:04.797796	71_477	1025	0	0	4	301025	1	
10:06:04.797838	26_332	1026	1	3	4	301026	1	
10:06:04.797846	26_333	1027	1	3	4	301027	1	
10:06:06.325267	71_479	1028	1	1	4	301028	1	
10:06:07.332796	71_480	1029	0	0	3	301029	
10:06:11.808577	41_760	1030	0	0	4	301030	1	
10:06:13.330761	41_762	1031	0	0	4	301031	1	
10:06:13.840940	71_486	1032	0	0	4	301032	1	
10:06:15.881328	41_763	1033	1	1	4	301033	2	
10:06:18.327456	71_487	1034	1	1	4	301034	1	
10:06:19.860809	41_766	1035	0	0	4	301035	1	
10:06:20.885173	51_238	1036	0	0	4	301036	1	
10:06:22.797931	51_239	1037	1	1	4	301037	1	
10:06:22.798042	41_770	1038	1	1	4	301038	1	
10:06:24.852528	71_491	1039	0	0	4	301039	1	
10:06:25.354003	51_240	1040	0	0	4	301040	1	
10:06:25.863947	71_492	1041	1	1	4	301041	1	
10:06:26.373876	51_241	1042	1	1	4	301042	1	
10:06:27.892562	41_772	1043	0	0	4	301043	1	
10:06:27.892569	26_334	1044	0	0	4	301044	2	
10:06:28.298206	41_773	1045	0	0	4	301045	1	
10:06:28.815713	26_335	1046	1	3	4	301046	2	
10:06:28.816204	41_774	1047	1	1	3	301047	
10:06:30.826681	71_493	1048	0	0	4	301048	1	
10:06:31.327986	41_777	1049	0	0	4	301049	1	
10:06:32.332350	41_778	1050	1	1	4	301050	3	
10:06:36.296313	41_780	1051	0	0	4	301052	1	
10:06:37.326073	41_782	1052	1	1	4	301053	1	
10:06:37.828614	71_497	1053	1	1	3	301054	
10:06:38.847584	41_784	1054	0	0	4	301055	1	
10:06:39.360749	41_785	1055	1	1	4	301056	1	
10:06:41.327561	41_787	1056	0	0	4	301057	1	
10:06:42.889217	41_789	1057	0	0	4	301058	1	
10:06:43.809407	41_790	1058	1	1	4	301059	2	
10:06:46.887419	71_499	1059	1	1	4	301060	1	
10:06:50.804037	41_793	1060	0	0	4	301061	1	
10:06:51.838907	41_794	1061	1	1	4	301062	1	
10:06:54.830841	41_796	1062	0	0	4	301063	1	
10:06:56.346955	41_797	1063	1	1	4	301065	1	
10:06:57.881435	26_338	1064	0	0	4	301066	1	
10:06:59.345544	26_339	1065	1	3	4	301067	1	
10:06:59.858924	26_339	1066	1	3	1	
10:07:03.317490	41_798	1067	0	0	4	301068	1	
10:07:04.846286	41_800	1068	0	0	4	301069	1	
10:07:06.360501	41_803	1069	1	1	4	301070	1	
10:07:11.297029	41_806	1070	0	0	4	301071	1	
10:07:12.311985	41_807	1071	1	1	4	301072	1	
10:07:15.870979	26_342	1072	0	0	4	301073	1	
10:07:17.299513	26_343	1073	1	3	4	301074	2	
10:07:25.866300	41_812	1074	0	0	3	301075	
10:07:31.853417	51_250	1075	0	0	3	301076	
10:07:37.871750	41_816	1076	0	0	4	301077	1	
10:07:38.795134	41_817	1077	1	1	4	301078	1	
10:07:43.844748	41_818	1078	0	0	4	301079	1	
10:07:45.299913	26_348	1079	0	0	4	301080	1	
10:07:46.323909	41_820	1080	1	1	4	301081	1	
10:07:46.323914	26_349	1081	1	3	4	301082	2	
10:07:46.844740	41_822	1082	0	0	3	301083	
10:07:56.353451	41_825	1083	0	0	4	301084	1	
10:07:57.377162	41_827	1084	0	0	4	301085	1	
10:07:58.832956	41_828	1085	1	1	4	301086	1	
10:07:59.872433	888_18	1086	0	0	3	301087	
10:08:00.896062	51_255	1087	0	0	4	301088	1	
10:08:00.896173	41_830	1088	0	0	4	301089	1	
10:08:01.805422	41_831	1089	1	1	4	301090	1	
10:08:05.373133	51_256	1090	1	1	4	301091	1	
10:08:08.882347	51_257	1091	0	0	4	301092	1	
10:08:09.390117	51_258	1092	1	1	3	301093	
10:08:10.816265	41_835	1093	0	0	4	301094	1	
10:08:11.324153	41_836	1094	0	0	4	301095	1	
10:08:12.345045	41_837	1095	1	1	4	301096	2	
10:08:12.866288	51_259	1096	1	1	4	301097	1	
10:08:15.904167	51_260	1097	0	0	3	301098	
10:08:20.797087	51_261	1098	0	0	4	301099	1	
10:08:20.797166	41_843	1099	0	0	4	301100	1	
10:08:23.882559	51_262	1100	1	1	4	301101	1	
10:08:25.328306	51_263	1101	0	0	4	301102	1	
10:08:28.838896	51_264	1102	1	1	4	301103	1	
10:08:29.357103	41_845	1103	1	1	4	301104	1	
10:08:36.846745	51_265	1104	0	0	4	301105	1	
10:08:42.292266	51_266	1105	1	1	4	301106	1	
10:08:52.804028	51_267	1106	0	0	4	301107	1	
10:08:54.330233	51_268	1107	1	1	4	301108	1	
10:08:56.297603	41_851	1108	0	0	4	301109	1	
10:08:58.874483	41_852	1109	1	1	4	301110	1	
10:09:03.313737	41_855	1110	0	0	4	301111	1	
10:09:06.346215	41_857	1111	1	1	4	301112	1	
10:09:12.850163	51_275	1112	0	0	3	301113	
10:09:13.361548	26_356	1113	0	0	3	301114	
10:09:17.818097	41_860	1114	0	0	4	301115	1	
10:09:18.839575	41_861	1115	1	1	3	301116	
10:09:22.306446	41_862	1116	0	0	4	301117	1	
10:09:25.385760	41_866	1117	1	1	4	301118	1	
10:09:27.792939	41_868	1118	1	1	4	301119	1	
10:09:29.322252	41_870	1119	0	0	4	301120	1	
10:09:29.842958	51_278	1120	0	0	4	301121	1	
10:09:30.872108	41_872	1121	1	1	4	301122	1	
10:09:30.873749	51_279	1122	1	1	3	301123	
10:09:33.876698	41_876	1123	0	0	4	301124	1	
10:09:36.831176	26_358	1124	0	0	3	301125	
10:09:38.353695	41_879	1125	1	1	4	301126	1	
10:09:38.870121	51_280	1126	1	1	4	301127	1	
10:09:44.354854	41_884	1127	0	0	4	301128	1	
10:09:46.813333	41_885	1128	1	1	3	301129	
10:09:48.368147	41_886	1129	0	0	4	301130	1	
10:09:49.834636	41_887	1130	0	0	4	301131	1	
10:09:50.348238	51_281	1131	0	0	4	301132	1	
10:09:50.862965	41_888	1132	1	1	4	301133	1	
10:09:52.304075	51_282	1133	1	1	4	301134	1	
10:09:55.798485	41_889	1134	0	0	4	301135	1	
10:09:57.793000	41_890	1135	1	1	4	301136	1	
10:09:59.361864	888_19	1136	0	0	3	301137	
10:10:01.799163	51_284	1137	0	0	4	301138	1	
10:10:03.840441	41_893	1138	0	0	4	301139	1	
10:10:04.354727	51_285	1139	1	1	4	301140	1	
10:10:05.357841	41_895	1140	0	0	4	301141	1	
10:10:06.361169	41_897	1141	0	0	4	301142	1	
10:10:06.361174	26_362	1142	0	0	4	301143	1	
10:10:06.864131	26_363	1143	1	3	4	301144	2	
10:10:06.864146	41_898	1144	1	1	4	301145	3	
10:10:10.803364	41_900	1145	0	0	4	301146	1	
10:10:11.325322	41_901	1146	0	0	4	301147	1	
10:10:12.334599	41_902	1147	1	1	4	301148	1	
10:10:14.889129	41_903	1148	0	0	4	301149	1	
10:10:15.303591	51_288	1149	0	0	4	301150	1	
10:10:15.303909	41_904	1150	0	0	4	301151	1	
10:10:16.839192	41_906	1151	1	1	3	301152	
10:10:18.372475	51_289	1152	1	1	3	301153	
10:10:18.372547	41_908	1153	0	0	4	301154	1	
10:10:18.874523	41_909	1154	0	0	4	301155	1	
10:10:20.792545	51_290	1155	1	1	4	301156	1	
10:10:22.297331	41_910	1156	1	1	4	301157	1	
10:10:24.810083	51_291	1157	0	0	4	301158	1	
10:10:27.826293	41_916	1158	0	0	4	301159	1	
10:10:29.333114	41_917	1159	1	1	4	301160	1	
10:10:29.839168	51_292	1160	1	1	4	301161	1	
10:10:31.852051	26_364	1161	0	0	4	301162	1	
10:10:32.861341	26_365	1162	0	0	4	301163	2	
10:10:34.887797	26_366	1163	1	3	4	301164	1	
10:10:34.887801	26_367	1164	1	3	4	301165	2	
10:10:36.304828	41_922	1165	0	0	4	301166	1	
10:10:36.809770	41_923	1166	1	1	4	301167	1	
10:10:44.884102	51_296	1167	0	0	3	301168	
10:10:46.795791	41_933	1168	0	0	4	301169	1	
10:10:47.805927	41_934	1169	1	1	4	301170	1	
10:10:50.333917	51_297	1170	0	0	4	301171	1	
10:10:51.349277	41_935	1171	0	0	4	301172	1	
10:10:53.881098	41_937	1172	0	0	4	301173	1	
10:10:54.816260	41_939	1173	0	0	4	301174	1	
10:10:59.384403	41_940	1174	1	1	4	301175	1	
10:11:04.820616	51_298	1175	1	1	4	301179	1	
10:11:59.310629	888_20	1176	0	0	3	301200	
10:13:59.333250	888_21	1177	0	0	3	301232	
10:16:03.315711	888_22	1178	0	0	3	301272	
10:18:09.829757	888_23	1179	0	0	3	301301	
10:19:59.282333	888_24	1180	0	0	3	301337	
10:21:59.815736	888_25	1181	0	0	3	301370	
10:24:02.809145	888_26	1182	0	0	3	301408	
10:26:12.267723	888_27	1183	0	0	3	301442	
10:28:17.321296	888_28	1184	0	0	3	301467	
10:30:18.791014	888_29	1185	0	0	3	301504	
10:30:46.822563	41_1363	1186	0	0	3	301506	
10:30:46.822619	26_518	1187	0	0	3	301507	
10:31:04.358755	41_1366	1188	0	0	4	301508	1	
10:31:05.305870	41_1368	1189	0	0	4	301509	1	
10:31:05.823866	41_1369	1190	1	1	4	301510	1	
10:31:15.284469	41_1373	1191	0	0	4	301512	1	
10:31:16.851344	41_1374	1192	0	0	4	301513	1	
10:31:17.773775	41_1375	1193	1	1	4	301514	1	
10:31:23.828521	41_1377	1194	0	0	4	301515	1	
10:31:24.251909	41_1378	1195	0	0	4	301516	1	
10:31:25.287994	41_1379	1196	0	0	4	301517	1	
10:31:27.257523	41_1380	1197	1	1	4	301519	1	
10:31:40.835087	41_1383	1198	0	0	4	301520	1	
10:31:41.255456	41_1384	1199	1	1	4	301521	1	
10:31:41.768892	41_1386	1200	0	0	4	301522	1	
10:31:42.795244	41_1387	1201	0	0	4	301524	1	
10:31:43.816651	41_1388	1202	1	1	4	301525	1	
10:31:45.261004	26_524	1203	0	0	4	301526	1	
10:31:45.785158	41_1392	1204	0	0	4	301527	1	
10:31:46.810148	26_525	1205	1	3	4	301529	1	
10:31:47.311869	41_1394	1206	1	1	3	301530	
10:31:48.786462	26_526	1207	0	0	3	301531	
10:31:49.300017	26_527	1208	0	0	4	301532	2	
10:31:49.804783	26_528	1209	0	0	4	301533	2	
10:31:50.323820	26_530	1210	1	3	4	301534	2	
10:31:50.323827	26_531	1211	1	3	4	301535	1	
10:31:50.856438	26_530	1212	1	3	1	
10:31:50.856442	26_531	1213	1	3	1	
10:31:53.309090	41_1397	1214	1	1	4	301536	1	
10:31:58.266996	41_1399	1215	0	0	4	301538	1	
10:32:00.822375	41_1400	1216	1	1	4	301540	1	
10:32:02.848749	41_1402	1217	0	0	3	301542	
10:32:06.300763	41_1406	1218	0	0	3	301543	
10:32:08.795944	26_532	1219	0	0	4	301544	1	
10:32:12.825805	26_533	1220	1	3	4	301545	1	
10:32:13.343616	26_533	1221	1	3	1	
10:32:15.286206	41_1410	1222	0	0	4	301546	1	
10:32:16.321792	41_1412	1223	0	0	4	301547	1	
10:32:16.838182	41_1413	1224	0	0	4	301548	1	
10:32:17.343071	41_1414	1225	0	0	4	301549	1	
10:32:19.275907	888_30	1226	0	0	3	301550	
10:32:20.317538	41_1415	1227	1	1	4	301551	1	
10:32:27.267856	41_1419	1228	0	0	4	301553	1	
10:32:27.787198	41_1420	1229	1	1	4	301554	1	
10:32:39.797537	41_1423	1230	0	0	4	301555	1	
10:32:42.269867	41_1425	1231	1	1	4	301556	1	
10:32:45.251270	41_1428	1232	0	0	4	301557	1	
10:32:46.253164	41_1429	1233	1	1	4	301558	1	
10:32:46.774331	41_1431	1234	0	0	4	301559	1	
10:32:47.282811	41_1432	1235	1	1	4	301560	1	
10:32:51.278746	41_1433	1236	0	0	4	301561	1	
10:32:53.318765	41_1434	1237	0	0	4	301563	1	
10:32:53.847680	41_1435	1238	0	0	4	301564	1	
10:32:55.287935	41_1436	1239	1	1	4	301565	1	
10:33:06.346007	41_1439	1240	0	0	4	301567	1	
10:33:07.785837	41_1440	1241	1	1	4	301568	1	
10:33:11.774310	41_1441	1242	0	0	4	301569	1	
10:33:13.821944	41_1442	1243	0	0	4	301570	1	
10:33:14.773626	41_1443	1244	1	1	4	301571	1	
10:33:29.265218	41_1445	1245	0	0	4	301573	1	
10:33:29.801870	41_1446	1246	0	0	4	301574	1	
10:33:30.817611	41_1447	1247	1	1	4	301575	1	
10:33:42.834860	41_1449	1248	0	0	4	301577	1	
10:33:43.794579	41_1450	1249	1	1	4	301578	1	
10:33:47.298278	41_1451	1250	0	0	4	301579	1	
10:33:47.821682	41_1452	1251	0	0	4	301580	1	
10:33:49.296193	41_1453	1252	1	1	4	301582	1	
10:33:54.836873	41_1454	1253	0	0	3	301583	
10:34:16.342702	41_1460	1254	0	0	4	301584	1	
10:34:16.771516	26_534	1255	0	0	4	301585	1	
10:34:16.771564	41_1461	1256	0	0	3	301586	
10:34:17.822022	41_1462	1257	1	1	4	301588	1	
10:34:18.324542	26_535	1258	1	3	4	301589	1	
10:34:21.269060	26_536	1259	0	0	3	301590	
10:34:21.269827	41_1463	1260	0	0	3	301591	
10:34:22.321870	888_31	1261	0	0	3	301592	
10:34:34.804825	41_1468	1262	0	0	4	301594	1	
10:34:36.791483	41_1469	1263	0	0	4	301595	1	
10:34:37.301090	41_1470	1264	1	1	4	301596	1	
10:34:39.273748	41_1472	1265	0	0	4	301597	1	
10:34:39.273753	26_538	1266	0	0	4	301598	1	
10:34:40.305883	26_539	1267	1	3	4	301599	1	
10:34:40.305891	41_1473	1268	1	1	4	301600	1	
10:34:41.328902	41_1474	1269	0	0	4	301601	1	
10:34:46.812402	41_1475	1270	0	0	4	301602	1	
10:34:47.834161	41_1476	1271	1	1	4	301603	2	
10:35:03.805522	41_1477	1272	0	0	4	301604	1	
10:35:06.301782	41_1479	1273	1	1	4	301606	1	
10:35:32.340391	41_1487	1274	0	0	4	301607	1	
10:35:35.243873	41_1490	1275	0	0	4	301608	1	
10:35:36.262162	51_515	1276	0	0	4	301609	1	
10:35:36.262294	41_1491	1277	1	1	4	301610	2	
10:35:38.822431	41_1493	1278	0	0	4	301611	1	
10:35:40.832831	41_1494	1279	0	0	3	301612	
10:35:42.799507	41_1496	1280	1	1	4	301613	1	
10:35:43.748883	51_516	1281	1	1	4	301614	1	
10:35:50.245240	41_1501	1282	0	0	4	301615	1	
10:35:50.760604	41_1502	1283	0	0	4	301616	1	
10:35:52.298544	41_1503	1284	0	0	4	301617	1	
10:35:52.298600	26_546	1285	0	0	4	301618	2	
10:35:54.765857	26_547	1286	1	3	4	301619	2	
10:35:54.766593	41_1504	1287	1	1	4	301620	1	
10:36:04.291402	26_548	1288	0	0	4	301621	1	
10:36:05.336697	41_1508	1289	0	0	4	301622	1	
10:36:06.787682	41_1509	1290	1	1	3	301623	
10:36:06.787718	26_549	1291	1	3	4	301624	1	
10:36:07.319786	26_549	1292	1	3	1	
10:36:07.772222	26_549	1293	1	3	1	
10:36:12.325113	41_1512	1294	1	1	3	301625	
10:36:19.839185	51_519	1295	0	0	4	301626	1	
10:36:19.839282	26_550	1296	0	0	4	301627	2	
10:36:21.289777	51_520	1297	1	1	3	301628	
10:36:21.289885	26_551	1298	1	3	4	301629	1	
10:36:23.752446	51_521	1299	1	1	4	301630	1	
10:36:23.752502	888_32	1300	0	0	3	301631	
10:36:23.752545	41_1516	1301	1	1	4	301632	1	
10:36:26.340007	41_1518	1302	0	0	4	301633	1	
10:36:28.260154	41_1520	1303	0	0	4	301634	1	
10:36:30.292179	41_1523	1304	1	1	4	301635	1	
10:36:31.303895	41_1525	1305	0	0	4	301636	1	
10:36:32.819282	41_1528	1306	0	0	4	301637	1	
10:36:32.819326	26_553	1307	0	0	4	301638	2	
10:36:33.326292	41_1529	1308	0	0	4	301639	1	
10:36:33.829707	41_1530	1309	0	0	4	301640	1	
10:36:34.750222	41_1531	1310	1	1	4	301641	1	
10:36:37.248031	41_1533	1311	1	1	4	301643	1	
10:36:37.248039	26_559	1312	1	3	4	301644	1	
10:36:38.797426	41_1534	1313	0	0	4	301645	1	
10:36:40.340409	41_1535	1314	0	0	4	301646	1	
10:36:40.743995	41_1536	1315	0	0	4	301647	1	
10:36:40.744060	26_561	1316	0	0	4	301648	1	
10:36:41.760014	41_1537	1317	1	1	3	301649	
10:36:41.760019	26_563	1318	1	3	3	301650	
10:36:42.281722	26_563	1319	1	3	1	
10:36:44.797740	26_564	1320	1	3	4	301651	2	
10:36:45.314068	41_1539	1321	1	1	4	301652	1	
10:36:49.799967	41_1541	1322	0	0	4	301653	1	
10:36:51.781185	41_1544	1323	1	1	4	301654	1	
10:36:55.305937	26_566	1324	0	0	4	301655	1	
10:36:57.797984	26_567	1325	0	0	4	301656	1	
10:36:58.838687	26_569	1326	1	3	4	301657	2	
10:36:58.838691	26_570	1327	1	3	4	301658	1	
10:37:00.285249	41_1550	1328	0	0	3	301659	
10:37:08.320788	41_1551	1329	0	0	4	301660	1	
10:37:09.254489	41_1552	1330	1	1	4	301661	1	
10:37:10.284685	41_1553	1331	0	0	4	301662	1	
10:37:11.324812	41_1554	1332	1	1	4	301663	1	
10:37:15.336950	41_1557	1333	0	0	3	301664	
10:37:15.750933	41_1558	1334	0	0	3	301665	
10:37:20.252030	41_1560	1335	0	0	4	301666	1	
10:37:20.252039	26_573	1336	0	0	4	301667	1	
10:37:20.757787	41_1561	1337	0	0	4	301668	1	
10:37:21.763804	26_574	1338	1	3	4	301669	1	
10:37:22.271848	41_1562	1339	0	0	4	301670	1	
10:37:24.291390	41_1563	1340	0	0	4	301671	1	
10:37:25.814629	41_1564	1341	1	1	4	301672	1	
10:37:27.339518	41_1565	1342	0	0	4	301673	1	
10:37:27.742378	41_1566	1343	1	1	4	301674	1	
10:37:30.277879	41_1567	1344	0	0	4	301675	1	
10:37:30.780324	41_1568	1345	1	1	4	301676	1	
10:37:32.821623	41_1569	1346	0	0	4	301677	1	
10:37:33.323066	41_1570	1347	0	0	4	301678	1	
10:37:33.842221	41_1571	1348	0	0	4	301679	1	
10:37:35.297515	41_1572	1349	1	1	4	301680	3	
10:37:38.266137	41_1573	1350	0	0	3	301681	
10:37:38.266151	26_575	1351	0	0	4	301682	1	
10:37:39.286322	26_576	1352	1	3	4	301683	1	
10:37:51.262426	51_535	1353	0	0	4	301684	1	
10:37:54.841349	51_536	1354	1	1	4	301685	1	
10:37:56.755448	51_537	1355	0	0	4	301686	1	
10:38:00.324265	51_538	1356	1	1	4	301687	1	
10:38:05.330739	41_1576	1357	0	0	4	301688	1	
10:38:07.297055	41_1577	1358	1	1	4	301689	1	
10:38:10.743319	41_1579	1359	0	0	4	301690	1	
10:38:12.324830	41_1580	1360	1	1	4	301691	1	
10:38:20.280188	41_1584	1361	0	0	4	301692	1	
10:38:20.796624	41_1585	1362	0	0	4	301693	1	
10:38:21.817734	51_539	1363	0	0	4	301694	1	
10:38:22.320840	41_1588	1364	0	0	4	301695	1	
10:38:23.755427	51_540	1365	1	1	4	301696	1	
10:38:23.755552	41_1589	1366	1	1	4	301697	2	
10:38:27.747067	888_33	1367	0	0	3	301698	
10:38:28.258350	26_581	1368	0	0	4	301699	2	
10:38:31.259560	26_582	1369	1	3	3	301700	
10:38:33.314713	41_1594	1370	0	0	4	301701	1	
10:38:33.824701	41_1595	1371	0	0	4	301702	1	
10:38:34.239525	41_1596	1372	0	0	4	301703	1	
10:38:35.264592	41_1597	1373	1	1	4	301704	3	
10:38:35.264644	26_583	1374	1	3	4	301705	1	
10:38:35.775266	41_1599	1375	0	0	4	301706	1	
10:38:37.336934	41_1600	1376	0	0	4	301707	1	
10:38:38.254926	41_1601	1377	1	1	4	301708	1	
10:38:41.797341	41_1603	1378	0	0	4	301709	1	
10:38:42.805003	26_584	1379	0	0	4	301710	1	
10:38:45.752685	41_1607	1380	1	1	4	301711	1	
10:38:46.262445	26_586	1381	1	3	4	301712	1	
10:38:48.338757	41_1609	1382	0	0	4	301713	1	
10:38:48.742710	41_1610	1383	1	1	4	301714	1	
10:38:52.241345	41_1612	1384	0	0	4	301715	1	
10:38:53.252764	41_1614	1385	0	0	4	301716	1	
10:38:57.767793	41_1616	1386	1	1	4	301717	1	
10:39:04.239286	41_1620	1387	0	0	4	301718	1	
10:39:08.335126	41_1624	1388	0	0	3	301719	
10:39:09.782841	41_1625	1389	1	1	4	301720	1	
10:39:12.741249	51_548	1390	0	0	3	301721	
10:39:22.786128	26_590	1391	0	0	4	301722	2	
10:39:23.295408	41_1629	1392	0	0	4	301723	1	
10:39:23.295441	26_591	1393	0	0	4	301724	2	
10:39:24.310027	26_592	1394	1	3	4	301725	1	
10:39:24.812784	26_593	1395	1	3	4	301726	2	
10:39:24.812802	41_1631	1396	1	1	4	301727	1	
10:39:34.267241	41_1633	1397	0	0	4	301728	1	
10:39:34.799047	41_1634	1398	0	0	4	301729	1	
10:39:37.832899	41_1636	1399	1	1	4	301730	2	
10:39:42.835189	41_1638	1400	0	0	4	301731	1	
10:39:43.243870	41_1639	1401	0	0	4	301732	1	
10:39:44.284029	41_1640	1402	0	0	3	301733	
10:39:46.813431	26_594	1403	0	0	4	301734	1	
10:39:47.332500	41_1643	1404	0	0	4	301735	1	
10:39:47.746877	26_596	1405	0	0	4	301736	2	
10:39:49.301258	26_597	1406	1	3	4	301737	2	
10:39:49.301263	26_599	1407	1	3	4	301738	2	
10:39:54.741498	41_1644	1408	1	1	3	301739	
10:39:57.798695	41_1646	1409	1	1	4	301740	1	
10:40:01.330984	26_602	1410	0	0	3	301741	
10:40:01.332598	41_1647	1411	0	0	3	301742	
10:40:06.288020	26_604	1412	0	0	4	301743	2	
10:40:07.332277	26_605	1413	1	3	4	301744	1	
10:40:09.264830	26_606	1414	0	0	4	301745	1	
10:40:12.785193	26_607	1415	1	3	4	301746	2	
10:40:13.288613	41_1649	1416	0	0	4	301747	1	
10:40:14.301647	41_1650	1417	1	1	4	301748	1	
10:40:26.800802	41_1656	1418	0	0	4	301749	1	
10:40:27.319653	41_1657	1419	0	0	4	301750	1	
10:40:28.256808	41_1658	1420	1	1	4	301751	1	
10:40:30.823038	888_34	1421	0	0	3	301752	
10:40:44.265228	41_1660	1422	0	0	4	301753	1	
10:40:44.781699	41_1661	1423	0	0	4	301754	1	
10:40:51.818016	41_1664	1424	1	1	4	301755	2	
10:40:54.305155	41_1666	1425	0	0	4	301756	1	
10:40:56.326116	41_1667	1426	1	1	4	301757	1	
10:41:04.753293	41_1669	1427	0	0	4	301758	1	
10:41:05.265718	51_558	1428	0	0	4	301759	1	
10:41:05.265834	41_1670	1429	0	0	4	301760	1	
10:41:05.771564	41_1671	1430	0	0	4	301761	1	
10:41:06.276625	26_610	1431	0	0	4	301762	1	
10:41:07.807034	51_559	1432	1	1	4	301763	1	
10:41:08.324621	26_612	1433	1	3	4	301764	1	
10:41:08.324691	41_1673	1434	1	1	3	301765	
10:41:14.257825	26_615	1435	0	0	3	301766	
10:41:14.779768	26_616	1436	0	0	4	301767	1	
10:41:15.806603	26_617	1437	0	0	4	301768	1	
10:41:16.737794	41_1675	1438	1	1	4	301769	3	
10:41:18.834336	26_621	1439	1	3	4	301771	1	
10:41:18.834343	26_622	1440	1	3	4	301772	1	
10:41:22.279627	41_1679	1441	0	0	3	301773	
10:41:29.833063	41_1681	1442	0	0	4	301774	1	
10:41:30.761250	51_562	1443	0	0	4	301775	1	
10:41:31.798515	41_1685	1444	1	1	4	301776	1	
10:41:32.320422	51_563	1445	1	1	4	301777	1	
10:41:37.236167	41_1689	1446	0	0	4	301778	1	
10:41:38.318371	41_1690	1447	1	1	4	301779	1	
10:41:39.799660	51_564	1448	0	0	3	301780	
10:41:41.297268	41_1691	1449	0	0	4	301781	1	
10:41:46.345318	41_1692	1450	1	1	4	301782	1	
10:41:54.815345	41_1695	1451	0	0	4	301783	1	
10:41:55.247835	41_1696	1452	1	1	4	301784	1	
10:41:58.322990	41_1697	1453	0	0	4	301785	1	
10:42:00.261083	41_1698	1454	1	1	4	301786	1	
10:42:00.795675	41_1699	1455	0	0	4	301787	1	
10:42:02.282939	41_1700	1456	1	1	4	301788	1	
10:42:09.739819	41_1702	1457	0	0	4	301789	1	
10:42:10.268917	26_625	1458	0	0	4	301790	1	
10:42:11.241635	26_626	1459	1	3	4	301791	2	
10:42:11.764862	41_1705	1460	1	1	4	301792	1	
10:42:19.254883	26_627	1461	0	0	3	301793	
10:42:24.809927	41_1712	1462	0	0	4	301794	1	
10:42:25.311840	41_1713	1463	0	0	3	301795	
10:42:25.748811	41_1714	1464	0	0	4	301796	1	
10:42:26.762594	41_1715	1465	1	1	4	301797	1	
10:42:28.324242	41_1716	1466	0	0	4	301798	1	
10:42:31.238460	41_1717	1467	0	0	4	301799	1	
10:42:32.809415	41_1718	1468	1	1	4	301800	1	
10:42:33.744064	888_35	1469	0	0	3	301801	
10:42:40.266146	41_1719	1470	0	0	4	301802	1	
10:42:41.299478	41_1720	1471	1	1	4	301803	1	
10:42:43.242434	41_1722	1472	0	0	3	301804	
10:42:47.808075	41_1725	1473	0	0	4	301805	1	
10:42:49.788350	41_1726	1474	1	1	4	301806	1	
10:42:50.736705	41_1728	1475	0	0	4	301807	1	
10:42:51.767943	51_569	1476	0	0	4	301808	1	
10:42:56.265978	41_1730	1477	1	1	4	301809	1	
10:42:57.317920	51_570	1478	1	1	4	301810	1	
10:43:00.322106	41_1732	1479	0	0	3	301811	
10:43:05.283638	41_1733	1480	0	0	4	301812	1	
10:43:06.308010	41_1734	1481	1	1	4	301813	1	
10:43:09.795700	51_571	1482	0	0	4	301814	1	
10:43:10.809056	51_572	1483	1	1	4	301815	1	
10:43:10.809246	26_633	1484	0	0	4	301816	1	
10:43:12.320881	51_573	1485	0	0	4	301817	1	
10:43:13.236149	26_634	1486	1	3	4	301818	2	
10:43:14.242424	51_574	1487	1	1	4	301819	1	
10:43:20.801382	41_1737	1488	0	0	4	301820	1	
10:43:20.801386	26_637	1489	0	0	4	301821	1	
10:43:21.325702	26_638	1490	0	0	4	301822	1	
10:43:23.791094	41_1739	1491	1	1	4	301823	1	
10:43:24.820159	26_639	1492	1	3	4	301824	1	
10:43:24.820167	26_640	1493	1	3	4	301825	2	
10:43:30.801844	41_1745	1494	0	0	4	301826	1	
10:43:31.311146	41_1746	1495	0	0	4	301827	1	
10:43:31.825653	41_1747	1496	1	1	4	301828	1	
10:43:33.265216	41_1748	1497	0	0	4	301829	1	
10:43:33.793369	41_1749	1498	1	1	4	301830	1	
10:43:34.749533	41_1750	1499	0	0	4	301831	1	
10:43:37.754270	41_1752	1500	1	1	4	301832	1	
10:43:41.323211	41_1754	1501	0	0	4	301833	1	
10:43:41.739974	41_1755	1502	1	1	4	301834	1	
10:43:44.244423	41_1756	1503	0	0	4	301835	1	
10:43:45.266751	41_1757	1504	1	1	4	301836	1	
10:43:48.324461	41_1758	1505	0	0	4	301837	1	
10:43:50.749147	41_1760	1506	1	1	4	301838	1	
10:44:03.754128	41_1765	1507	0	0	4	301839	1	
10:44:05.785903	41_1766	1508	1	1	4	301840	1	
10:44:06.293634	41_1768	1509	0	0	4	301841	1	
10:44:06.797262	41_1769	1510	1	1	4	301842	1	
10:44:08.787249	41_1770	1511	0	0	4	301843	1	
10:44:10.231422	41_1771	1512	0	0	4	301844	1	
10:44:11.274065	41_1772	1513	0	0	4	301845	1	
10:44:12.324391	41_1773	1514	1	1	4	301846	3	
10:44:16.259904	41_1774	1515	0	0	4	301847	1	
10:44:18.242275	51_579	1516	0	0	4	301848	1	
10:44:18.749026	41_1776	1517	1	1	4	301849	1	
10:44:20.290698	51_580	1518	1	1	4	301850	1	
10:44:23.322989	26_641	1519	0	0	4	301851	2	
10:44:23.323023	41_1779	1520	0	0	3	301852	
10:44:23.843106	41_1780	1521	0	0	4	301853	1	
10:44:25.308930	41_1781	1522	1	1	4	301855	1	
10:44:26.253056	26_643	1523	1	3	4	301856	2	
10:44:35.235898	888_36	1524	0	0	3	301857	
10:44:39.308103	41_1784	1525	0	0	3	301858	
10:44:39.832293	26_644	1526	0	0	3	301859	
10:44:39.832298	41_1785	1527	0	0	4	301860	1	
10:44:40.252355	51_583	1528	0	0	3	301861	
10:44:42.746753	26_646	1529	0	0	4	301862	1	
10:44:45.314082	26_647	1530	1	3	4	301863	1	
10:44:50.802369	41_1788	1531	1	1	4	301864	1	
10:44:56.302675	41_1790	1532	0	0	4	301865	1	
10:44:57.250277	51_584	1533	0	0	4	301866	1	
10:44:58.794940	41_1791	1534	0	0	4	301867	1	
10:44:59.731555	51_585	1535	1	1	4	301868	1	
10:44:59.731663	41_1792	1536	1	1	4	301869	2	
10:45:03.771050	41_1794	1537	0	0	4	301870	1	
10:45:04.807767	41_1795	1538	1	1	4	301871	1	
10:45:05.759357	41_1797	1539	0	0	4	301872	1	
10:45:06.282253	41_1798	1540	1	1	4	301873	1	
10:45:07.829507	41_1799	1541	0	0	3	301874	
10:45:11.774064	41_1802	1542	0	0	4	301875	1	
10:45:12.290893	41_1803	1543	0	0	4	301876	1	
10:45:13.320630	51_586	1544	0	0	4	301877	1	
10:45:13.738573	41_1805	1545	1	1	4	301878	2	
10:45:15.304808	41_1807	1546	0	0	4	301879	1	
10:45:16.328560	51_587	1547	1	1	4	301880	1	
10:45:20.740500	41_1809	1548	0	0	4	301881	1	
10:45:22.268797	51_588	1549	0	0	4	301882	1	
10:45:23.285679	51_589	1550	1	1	4	301883	1	
10:45:25.231775	41_1812	1551	1	1	4	301884	1	
10:45:27.300336	26_652	1552	0	0	4	301885	1	
10:45:27.300341	41_1814	1553	0	0	4	301886	1	
10:45:28.755174	41_1815	1554	1	1	3	301887	
10:45:28.755214	26_653	1555	1	3	3	301888	
10:45:31.749987	41_1819	1556	1	1	4	301889	1	
10:45:31.750235	26_654	1557	1	3	4	301890	2	
10:45:38.316769	41_1823	1558	0	0	4	301891	1	
10:45:40.242771	41_1825	1559	1	1	4	301892	1	
10:45:41.262403	41_1827	1560	0	0	4	301893	1	
10:45:41.777090	41_1828	1561	1	1	4	301894	1	
10:45:42.796544	41_1829	1562	0	0	4	301895	1	
10:45:43.298167	41_1830	1563	1	1	4	301896	1	
10:45:44.312294	41_1831	1564	0	0	4	301897	1	
10:45:45.232506	41_1832	1565	0	0	4	301898	1	
10:45:46.755106	41_1833	1566	1	1	4	301899	1	
10:45:51.252683	41_1835	1567	0	0	3	301900	
10:46:00.243160	51_594	1568	0	0	4	301901	1	
10:46:00.244662	41_1838	1569	0	0	4	301902	1	
10:46:02.749567	41_1840	1570	1	1	4	301903	1	
10:46:03.266041	41_1842	1571	0	0	4	301904	1	
10:46:03.786288	41_1843	1572	1	1	4	301905	1	
10:46:07.292383	51_595	1573	1	1	4	301906	1	
10:46:09.270438	41_1846	1574	0	0	4	301907	1	
10:46:09.792676	41_1847	1575	0	0	4	301908	1	
10:46:13.296595	41_1850	1576	1	1	4	301909	2	
10:46:15.777288	41_1852	1577	0	0	4	301910	1	
10:46:16.827968	41_1853	1578	1	1	4	301911	1	
10:46:25.273521	41_1858	1579	0	0	3	301912	
10:46:31.778589	51_599	1580	0	0	4	301913	1	
10:46:33.232626	41_1859	1581	0	0	4	301914	1	
10:46:35.288231	41_1860	1582	1	1	4	301915	1	
10:46:36.242293	51_600	1583	1	1	4	301916	1	
10:46:37.301268	888_37	1584	0	0	3	301917	
10:46:42.291514	41_1862	1585	0	0	4	301918	1	
10:46:42.818660	41_1863	1586	1	1	4	301919	1	
10:46:45.277794	51_601	1587	0	0	4	301920	1	
10:46:53.783221	51_602	1588	1	1	3	301921	
10:46:57.293281	51_603	1589	1	1	4	301922	1	
10:47:00.275278	41_1866	1590	0	0	4	301923	1	
10:47:00.798594	41_1867	1591	0	0	4	301924	1	
10:47:01.309560	41_1868	1592	1	1	4	301925	1	
10:47:02.755544	41_1870	1593	0	0	3	301926	
10:47:04.305251	51_604	1594	0	0	4	301927	1	
10:47:05.316488	51_605	1595	1	1	4	301928	1	
10:47:23.807799	41_1875	1596	0	0	4	301929	1	
10:47:25.275919	41_1876	1597	1	1	4	301930	1	
10:47:27.248731	41_1877	1598	0	0	4	301931	1	
10:47:27.759373	41_1878	1599	1	1	4	301932	1	
10:47:38.807743	41_1879	1600	0	0	4	301933	1	
10:47:40.272955	41_1880	1601	1	1	4	301934	1	
10:47:42.232577	51_606	1602	0	0	3	301935	
10:47:47.228718	41_1881	1603	0	0	4	301936	1	
10:47:47.228727	26_659	1604	0	0	4	301937	1	
10:47:47.757527	26_660	1605	0	0	4	301938	1	
10:47:48.778552	26_661	1606	1	3	4	301939	2	
10:47:48.778564	26_662	1607	1	3	4	301940	1	
10:47:48.779011	41_1883	1608	1	1	3	301941	
10:47:49.737230	51_607	1609	0	0	3	301942	
10:47:50.789969	41_1884	1610	0	0	3	301943	
10:47:52.257906	41_1886	1611	1	1	4	301944	1	
10:48:00.770894	41_1890	1612	0	0	4	301945	1	
10:48:05.270342	41_1892	1613	1	1	4	301946	1	
10:48:17.258780	41_1895	1614	0	0	4	301947	1	
10:48:17.760457	26_667	1615	0	0	3	301948	
10:48:17.760514	41_1896	1616	0	0	3	301949	
10:48:18.273632	26_668	1617	0	0	4	301950	1	
10:48:18.789119	41_1897	1618	1	1	4	301951	1	
10:48:20.303458	26_670	1619	1	3	4	301952	1	
10:48:27.239410	51_608	1620	0	0	4	301953	1	
10:48:27.240041	41_1899	1621	0	0	3	301954	
10:48:27.240120	26_671	1622	0	0	3	301955	
10:48:27.762807	41_1900	1623	0	0	4	301956	1	
10:48:29.315965	51_609	1624	1	1	4	301957	1	
10:48:29.316061	41_1901	1625	1	1	4	301958	1	
10:48:41.324421	41_1904	1626	0	0	4	301959	1	
10:48:43.285465	41_1905	1627	0	0	4	301960	1	
10:48:44.221864	41_1906	1628	0	0	4	301961	1	
10:48:47.231005	51_615	1629	0	0	4	301962	1	
10:48:52.285549	888_38	1630	0	0	3	301963	
10:48:53.316539	51_616	1631	1	1	4	301964	1	
10:48:56.228968	51_617	1632	0	0	4	301965	1	
10:48:59.298480	41_1908	1633	1	1	4	301966	3	
10:49:03.299944	51_618	1634	1	1	4	301967	1	
10:49:09.796762	41_1910	1635	0	0	4	301968	1	
10:49:10.721129	41_1912	1636	1	1	4	301969	1	
10:49:14.733974	41_1914	1637	0	0	4	301970	1	
10:49:17.222859	41_1916	1638	1	1	4	301971	1	
10:49:28.794908	41_1922	1639	0	0	3	301972	
10:49:36.262332	26_675	1640	0	0	4	301973	1	
10:49:38.303034	26_676	1641	1	3	4	301974	1	
10:49:43.774388	41_1927	1642	0	0	3	301975	
10:49:44.292941	41_1928	1643	0	0	3	301976	
10:49:44.802736	26_677	1644	0	0	4	301977	1	
10:49:44.802801	41_1929	1645	0	0	4	301978	1	
10:49:45.236390	51_622	1646	0	0	4	301979	1	
10:49:47.280309	51_623	1647	1	1	4	301980	1	
10:49:47.280412	26_678	1648	1	3	4	301981	2	
10:49:47.280420	41_1930	1649	1	1	4	301982	1	
10:49:48.314893	41_1931	1650	0	0	4	301983	1	
10:49:50.264233	41_1934	1651	1	1	4	301984	1	
10:49:52.800376	41_1936	1652	0	0	4	301985	1	
10:49:53.732699	41_1938	1653	1	1	4	301986	1	
10:49:58.308825	41_1941	1654	0	0	4	301987	1	
10:49:59.252005	51_624	1655	0	0	4	301988	1	
10:50:00.268156	51_625	1656	1	1	4	301989	1	
10:50:00.268372	41_1943	1657	1	1	4	301990	1	
10:50:13.744619	41_1947	1658	0	0	4	301991	1	
10:50:15.313402	41_1948	1659	1	1	4	301992	1	
10:50:21.261223	41_1949	1660	0	0	4	301993	1	
10:50:22.225781	41_1950	1661	1	1	4	301994	1	
10:50:24.719826	41_1951	1662	0	0	4	301995	1	
10:50:26.283089	41_1953	1663	1	1	4	301996	1	
10:50:27.232810	41_1955	1664	0	0	4	301997	1	
10:50:29.290783	41_1957	1665	1	1	4	301998	1	
10:50:33.762549	41_1959	1666	0	0	4	301999	1	
10:50:36.264780	41_1961	1667	1	1	4	302000	1	
10:50:39.250972	41_1963	1668	0	0	4	302001	1	
10:50:41.757040	41_1965	1669	0	0	4	302002	1	
10:50:44.282198	41_1967	1670	1	1	4	302003	2	
10:50:53.237554	888_39	1671	0	0	3	302004	
10:50:55.739245	41_1972	1672	0	0	4	302005	1	
10:50:56.267861	41_1973	1673	0	0	4	302006	1	
10:50:57.285302	41_1974	1674	1	1	4	302007	1	
10:51:12.270535	26_683	1675	0	0	4	302008	2	
10:51:13.811667	26_684	1676	1	3	4	302009	2	
10:51:14.754772	41_1980	1677	0	0	4	302010	1	
10:51:15.771246	41_1981	1678	0	0	4	302011	1	
10:51:20.760868	41_1983	1679	1	1	4	302012	2	
10:51:22.743600	26_685	1680	0	0	4	302013	1	
10:51:24.301250	26_686	1681	1	3	4	302014	1	
10:51:27.303686	41_1985	1682	0	0	4	302015	1	
10:51:29.286860	41_1986	1683	1	1	4	302016	1	
10:51:33.281027	41_1987	1684	0	0	4	302017	1	
10:51:33.820112	51_630	1685	0	0	3	302018	
10:51:34.241347	41_1988	1686	1	1	4	302019	1	
10:51:38.300858	41_1989	1687	0	0	4	302020	1	
10:51:39.728888	41_1990	1688	1	1	4	302021	1	
10:51:43.288443	41_1992	1689	0	0	4	302022	1	
10:51:46.810629	41_1993	1690	0	0	4	302023	1	
10:51:49.282414	41_1994	1691	1	1	4	302024	1	
10:51:59.320591	41_1996	1692	0	0	4	302025	1	
10:52:01.300739	41_1997	1693	1	1	4	302026	1	
10:52:12.744775	26_691	1694	0	0	4	302027	2	
10:52:15.808604	26_692	1695	1	3	4	302028	2	
10:52:17.224391	51_632	1696	0	0	4	302029	1	
10:52:17.742679	51_633	1697	1	1	4	302030	1	
10:52:19.281611	51_634	1698	0	0	4	302031	1	
10:52:20.811043	41_2002	1699	0	0	4	302032	1	
10:52:22.235254	41_2003	1700	1	1	3	302033	
10:52:23.267831	41_2005	1701	0	0	4	302034	1	
10:52:26.773696	41_2007	1702	1	1	4	302035	2	
10:52:31.265957	51_635	1703	1	1	4	302036	1	
10:52:48.310890	41_2014	1704	0	0	4	302037	1	
10:52:49.268466	41_2016	1705	0	0	4	302038	1	
10:52:52.800236	41_2017	1706	0	0	4	302039	1	
10:52:53.307856	41_2018	1707	1	1	4	302040	1	
10:53:06.313590	888_40	1708	0	0	3	302041	
10:53:06.314312	41_2022	1709	0	0	4	302042	1	
10:53:08.256842	41_2023	1710	1	1	4	302043	1	
10:53:12.766319	51_639	1711	0	0	4	302044	1	
10:53:12.766638	41_2024	1712	0	0	4	302045	1	
10:53:14.244612	51_640	1713	1	1	4	302046	1	
10:53:15.287279	41_2025	1714	0	0	3	302047	
10:53:15.287370	26_693	1715	0	0	3	302048	
10:53:16.220243	41_2026	1716	1	1	4	302049	1	
10:53:20.729978	41_2028	1717	0	0	4	302050	1	
10:53:21.249271	41_2029	1718	0	0	4	302051	1	
10:53:22.289388	41_2030	1719	0	0	4	302052	1	
10:53:23.763535	41_2031	1720	0	0	4	302053	1	
10:53:27.236534	41_2032	1721	1	1	4	302054	2	
10:53:30.288709	41_2035	1722	0	0	3	302055	
10:53:39.310061	41_2039	1723	0	0	4	302056	1	
10:53:39.720854	26_695	1724	0	0	4	302057	1	
10:53:40.759453	26_696	1725	1	3	4	302058	1	
10:53:40.759462	41_2041	1726	1	1	4	302059	1	
10:53:44.785125	41_2045	1727	0	0	3	302060	
10:53:48.745483	41_2047	1728	0	0	4	302061	1	
10:53:49.787937	41_2048	1729	0	0	4	302062	1	
10:53:55.307802	41_2049	1730	1	1	4	302063	2	
10:53:56.257015	41_2050	1731	0	0	4	302064	1	
10:53:57.747695	41_2051	1732	0	0	4	302065	1	
10:53:59.305803	41_2053	1733	0	0	4	302066	1	
10:54:00.775810	41_2054	1734	1	1	4	302067	1	
10:54:04.735526	41_2056	1735	0	0	4	302068	1	
10:54:06.745878	41_2057	1736	0	0	3	302069	
10:54:08.741029	51_641	1737	0	0	3	302070	
10:54:08.741504	41_2058	1738	1	1	4	302071	1	
10:54:15.265312	41_2060	1739	0	0	4	302072	1	
10:54:15.795209	41_2061	1740	0	0	4	302073	1	
10:54:18.806127	41_2063	1741	1	1	4	302074	1	
10:54:33.256026	41_2065	1742	0	0	4	302075	1	
10:54:35.224999	51_642	1743	0	0	3	302076	
10:54:38.295893	41_2066	1744	0	0	4	302077	1	
10:54:40.805842	41_2067	1745	0	0	4	302078	1	
10:54:41.730171	41_2068	1746	1	1	4	302079	3	
10:54:42.755259	41_2069	1747	0	0	4	302080	1	
10:54:46.259837	41_2070	1748	1	1	4	302081	1	
10:54:47.740629	41_2071	1749	0	0	4	302082	1	
10:54:51.295456	41_2073	1750	0	0	3	302083	
10:54:52.213860	26_704	1751	0	0	3	302084	
10:54:53.241993	51_643	1752	0	0	4	302085	1	
10:54:53.771844	41_2076	1753	1	1	4	302086	1	
10:54:55.765478	51_644	1754	1	1	4	302087	1	
10:54:57.733986	41_2078	1755	0	0	4	302088	1	
10:54:58.248841	51_645	1756	0	0	3	302089	
10:55:00.806345	51_646	1757	0	0	4	302090	1	
10:55:00.806443	41_2081	1758	0	0	4	302091	1	
10:55:04.786765	41_2082	1759	1	1	4	302092	1	
10:55:06.764548	51_647	1760	1	1	3	302093	
10:55:09.245681	41_2085	1761	0	0	4	302094	1	
10:55:10.788276	41_2086	1762	1	1	4	302095	1	
10:55:19.262593	51_648	1763	1	1	4	302096	1	
10:55:19.768940	41_2088	1764	0	0	4	302097	1	
10:55:21.713912	41_2090	1765	1	1	3	302098	
10:55:23.797435	888_41	1766	0	0	3	302099	
10:55:23.797580	26_707	1767	0	0	4	302100	1	
10:55:23.797965	41_2091	1768	0	0	3	302101	
10:55:26.287564	26_708	1769	1	3	4	302102	1	
10:55:38.753973	41_2095	1770	1	1	3	302103	
10:55:41.759505	41_2097	1771	1	1	4	302104	1	
10:55:46.746695	41_2102	1772	0	0	4	302105	1	
10:55:47.260534	41_2103	1773	1	1	4	302106	1	
10:56:12.217780	41_2111	1774	0	0	4	302107	1	
10:56:14.715735	41_2112	1775	1	1	4	302108	1	
10:56:24.218629	41_2113	1776	0	0	4	302109	1	
10:56:25.256503	51_652	1777	0	0	4	302110	1	
10:56:25.256584	41_2115	1778	0	0	3	302111	
10:56:26.804700	51_653	1779	1	1	4	302112	1	
10:56:26.804934	41_2117	1780	1	1	4	302113	1	
10:56:34.774770	41_2122	1781	0	0	4	302114	1	
10:56:36.779428	41_2123	1782	1	1	4	302115	1	
10:56:47.751125	41_2128	1783	0	0	4	302116	1	
10:56:50.288475	41_2130	1784	1	1	4	302117	1	
10:56:56.254120	51_654	1785	0	0	4	302118	1	
10:56:59.799137	51_655	1786	1	1	3	302119	
10:57:03.250484	51_656	1787	1	1	4	302120	1	
10:57:07.800714	41_2134	1788	0	0	4	302121	1	
10:57:08.735984	41_2135	1789	0	0	4	302122	1	
10:57:10.239550	41_2136	1790	1	1	4	302123	1	
10:57:29.767710	41_2137	1791	0	0	4	302124	1	
10:57:32.287035	41_2139	1792	1	1	4	302125	1	
10:57:37.270384	41_2141	1793	0	0	4	302126	1	
10:57:37.270391	26_715	1794	0	0	4	302127	1	
10:57:38.762449	41_2142	1795	1	1	4	302128	1	
10:57:38.762683	26_716	1796	1	3	4	302129	2	
10:57:40.712214	41_2143	1797	0	0	4	302130	1	
10:57:41.237870	41_2144	1798	1	1	4	302131	1	
10:57:41.755581	888_42	1799	0	0	3	302132	
10:57:45.781815	41_2145	1800	0	0	4	302133	1	
10:57:50.271831	41_2149	1801	1	1	4	302134	1	
10:58:01.297147	41_2153	1802	0	0	4	302135	1	
10:58:03.261709	41_2154	1803	1	1	4	302136	1	
10:58:03.802676	41_2156	1804	0	0	4	302137	1	
10:58:07.750050	41_2157	1805	1	1	4	302138	1	
10:58:09.709561	41_2159	1806	0	0	4	302139	1	
10:58:12.226451	41_2160	1807	1	1	4	302140	1	
10:58:19.736329	51_661	1808	0	0	3	302141	
10:58:33.727391	41_2165	1809	0	0	4	302142	1	
10:58:34.267232	41_2166	1810	0	0	4	302143	1	
10:58:36.276902	41_2167	1811	1	1	4	302144	1	
10:58:39.265560	41_2168	1812	0	0	4	302145	1	
10:58:40.319944	41_2169	1813	0	0	4	302146	1	
10:58:41.769580	41_2170	1814	1	1	4	302147	1	
10:58:46.800188	41_2171	1815	0	0	4	302148	1	
10:58:47.211886	41_2172	1816	1	1	4	302149	1	
10:58:48.771189	41_2173	1817	0	0	4	302150	1	
10:58:48.771203	26_721	1818	0	0	4	302151	1	
10:58:53.243164	26_722	1819	1	3	4	302152	1	
10:58:53.243245	41_2174	1820	1	1	4	302153	1	
10:58:57.281419	41_2176	1821	0	0	4	302154	1	
10:58:59.711017	41_2177	1822	1	1	4	302155	1	
10:59:09.716228	41_2179	1823	0	0	4	302156	1	
10:59:18.786320	41_2181	1824	1	1	4	302157	1	
10:59:27.233927	41_2185	1825	0	0	4	302158	1	
10:59:29.713416	41_2186	1826	1	1	4	302159	1	
10:59:30.763084	41_2188	1827	0	0	4	302160	1	
10:59:31.794343	41_2189	1828	1	1	4	302161	1	
10:59:45.266637	888_43	1829	0	0	3	302162	
10:59:53.710676	41_2194	1830	0	0	4	302163	1	
10:59:54.229564	41_2195	1831	0	0	4	302164	1	
10:59:55.255415	51_664	1832	0	0	4	302165	1	
10:59:55.255675	41_2196	1833	1	1	4	302166	2	
10:59:56.740952	41_2197	1834	0	0	4	302167	1	
10:59:58.757174	41_2198	1835	1	1	4	302168	1	
10:59:59.287179	888_44	1836	0	0	3	302169	
11:00:00.225484	51_665	1837	1	1	4	302170	1	
11:00:06.738020	41_2202	1838	0	0	4	302171	1	
11:00:08.718012	41_2203	1839	1	1	4	302172	1	
11:00:11.206824	41_2205	1840	0	0	4	302173	1	
11:00:14.228355	41_2206	1841	1	1	4	302174	1	
11:00:31.761772	41_2209	1842	0	0	4	302175	1	
11:00:32.271173	51_668	1843	0	0	4	302176	1	
11:00:33.708707	51_669	1844	1	1	4	302177	1	
11:00:34.213703	41_2212	1845	1	1	4	302178	1	
11:00:34.732803	41_2214	1846	0	0	4	302179	1	
11:00:36.255616	41_2216	1847	0	0	4	302180	1	
11:00:36.756604	41_2217	1848	0	0	4	302181	1	
11:00:37.269400	41_2218	1849	0	0	3	302182	
11:00:39.201498	41_2219	1850	1	1	4	302183	3	
11:00:39.706634	41_2221	1851	0	0	4	302184	1	
11:00:40.728472	41_2222	1852	1	1	4	302185	1	
11:00:48.249549	41_2225	1853	0	0	4	302186	1	
11:00:48.758484	41_2226	1854	0	0	4	302187	1	
11:00:50.285020	41_2227	1855	0	0	4	302188	1	
11:00:53.227122	41_2229	1856	1	1	4	302189	1	
11:01:14.286434	41_2232	1857	0	0	4	302190	1	
11:01:18.302607	41_2233	1858	1	1	3	302191	
11:01:21.253390	41_2235	1859	1	1	4	302192	1	
11:01:26.744152	41_2238	1860	0	0	4	302193	1	
11:01:27.789130	41_2239	1861	1	1	4	302194	1	
11:01:28.724612	51_678	1862	0	0	4	302195	1	
11:01:29.254805	26_733	1863	0	0	4	302196	1	
11:01:30.205700	26_734	1864	1	3	4	302197	1	
11:01:30.209841	51_679	1865	1	1	4	302198	1	
11:01:41.298186	51_680	1866	0	0	4	302199	1	
11:01:42.229437	51_681	1867	1	1	4	302200	1	
11:01:51.769576	41_2246	1868	0	0	4	302201	1	
11:01:55.231201	41_2248	1869	1	1	4	302202	1	
11:02:00.718090	888_45	1870	0	0	3	302203	
11:02:01.735940	26_736	1871	0	0	4	302204	1	
11:02:02.773868	26_738	1872	1	3	4	302205	1	
11:02:05.758044	41_2253	1873	0	0	4	302206	1	
11:02:06.780654	41_2254	1874	1	1	4	302207	1	
11:02:16.212943	51_682	1875	0	0	4	302208	1	
11:02:16.213329	41_2257	1876	0	0	4	302209	1	
11:02:17.749024	26_739	1877	0	0	3	302210	
11:02:17.749045	41_2260	1878	0	0	3	302211	
11:02:18.773795	41_2261	1879	1	1	4	302212	1	
11:02:19.301044	51_683	1880	1	1	4	302213	1	
11:02:26.733906	41_2263	1881	0	0	4	302214	1	
11:02:28.799638	41_2265	1882	1	1	4	302215	1	
11:02:29.738428	41_2267	1883	0	0	4	302216	1	
11:02:31.289603	41_2268	1884	1	1	4	302217	1	
11:02:34.288403	41_2269	1885	0	0	4	302218	1	
11:02:35.725052	41_2270	1886	1	1	4	302219	1	
11:02:39.216588	26_741	1887	0	0	3	302220	
11:02:41.260291	51_684	1888	0	0	4	302221	1	
11:02:42.266643	41_2272	1889	0	0	4	302222	1	
11:02:42.780588	51_685	1890	1	1	3	302223	
11:02:42.780680	41_2273	1891	1	1	3	302224	
11:02:44.706624	41_2274	1892	0	0	3	302225	
11:02:47.703783	41_2276	1893	1	1	4	302226	1	
11:02:48.230321	51_686	1894	1	1	4	302227	1	
11:02:55.742063	51_687	1895	0	0	3	302228	
11:03:09.219775	41_2282	1896	0	0	4	302229	1	
11:03:12.730540	41_2283	1897	1	1	4	302230	1	
11:03:14.254543	41_2285	1898	0	0	4	302231	1	
11:03:15.290649	26_747	1899	0	0	4	302232	1	
11:03:16.230283	41_2287	1900	0	0	4	302233	1	
11:03:17.268222	41_2288	1901	1	1	4	302234	1	
11:03:21.773744	26_748	1902	1	3	4	302235	2	
11:03:27.749805	51_691	1903	0	0	4	302237	1	
11:03:27.750029	41_2296	1904	0	0	4	302238	1	
11:03:28.280046	41_2297	1905	0	0	4	302239	1	
11:03:28.696606	41_2298	1906	0	0	4	302240	1	
11:03:29.218149	41_2299	1907	0	0	4	302241	1	
11:03:30.252661	41_2300	1908	1	1	4	302242	1	
11:03:32.748334	41_2302	1909	0	0	4	302243	1	
11:03:33.265549	51_692	1910	1	1	4	302244	1	
11:03:33.265790	41_2303	1911	0	0	4	302245	1	
11:03:37.744847	41_2304	1912	1	1	4	302246	2	
11:03:39.759144	41_2305	1913	0	0	4	302247	1	
11:03:40.719716	41_2306	1914	1	1	4	302248	1	
11:03:46.232619	41_2308	1915	0	0	4	302249	1	
11:03:49.703759	41_2309	1916	1	1	4	302250	1	
11:03:53.274230	41_2311	1917	0	0	4	302251	1	
11:03:57.742579	41_2312	1918	1	1	4	302252	1	
11:03:59.305627	41_2313	1919	0	0	4	302253	1	
11:03:59.712633	26_753	1920	0	0	4	302254	2	
11:04:01.783826	26_754	1921	1	3	4	302255	1	
11:04:06.235247	41_2315	1922	1	1	4	302256	1	
11:04:08.212304	41_2317	1923	0	0	4	302257	1	
11:04:08.723607	888_46	1924	0	0	3	302258	
11:04:09.250889	41_2318	1925	0	0	4	302259	1	
11:04:09.781339	41_2319	1926	0	0	4	302260	1	
11:04:13.755866	41_2321	1927	1	1	4	302261	1	
11:04:16.291122	26_755	1928	0	0	4	302262	1	
11:04:16.291197	41_2323	1929	0	0	4	302263	1	
11:04:16.711159	26_756	1930	1	3	3	302264	
11:04:16.711258	41_2324	1931	1	1	3	302265	
11:04:18.777666	26_757	1932	1	3	4	302266	1	
11:04:18.777671	41_2326	1933	1	1	4	302267	1	
11:04:21.196552	41_2329	1934	0	0	4	302268	1	
11:04:22.232830	41_2330	1935	0	0	3	302269	
11:04:23.268748	41_2331	1936	1	1	4	302270	1	
11:04:28.282650	41_2334	1937	0	0	4	302271	1	
11:04:29.744357	41_2335	1938	1	1	4	302272	1	
11:04:30.260956	41_2337	1939	0	0	4	302273	1	
11:04:35.268841	41_2338	1940	1	1	4	302274	1	
11:04:40.233218	41_2339	1941	0	0	4	302275	1	
11:04:42.766709	41_2340	1942	1	1	4	302276	1	
11:04:47.241577	41_2342	1943	0	0	4	302277	1	
11:04:53.736720	41_2344	1944	1	1	4	302278	1	
11:04:56.246667	41_2348	1945	0	0	4	302279	1	
11:04:57.695719	41_2350	1946	1	1	4	302280	1	
11:05:01.254015	41_2352	1947	0	0	4	302281	1	
11:05:02.739676	41_2353	1948	0	0	4	302282	1	
11:05:03.730104	41_2354	1949	0	0	4	302283	1	
11:05:04.253837	41_2355	1950	0	0	4	302284	1	
11:05:05.278851	26_758	1951	0	0	4	302285	1	
11:05:05.278882	41_2356	1952	0	0	4	302286	1	
11:05:06.216480	41_2357	1953	1	1	4	302287	1	
11:05:06.216535	26_759	1954	1	3	4	302288	1	
11:05:12.262039	41_2358	1955	0	0	4	302289	1	
11:05:13.728824	41_2359	1956	1	1	4	302290	1	
11:05:22.292704	41_2362	1957	0	0	4	302291	1	
11:05:23.219175	41_2363	1958	1	1	4	302292	1	
11:05:26.217961	41_2364	1959	0	0	4	302293	1	
11:05:27.764243	26_760	1960	0	0	3	302294	
11:05:28.783697	51_703	1961	0	0	4	302295	1	
11:05:29.288987	41_2368	1962	1	1	4	302296	1	
11:05:30.228850	51_704	1963	1	1	4	302297	1	
11:05:31.242354	41_2370	1964	0	0	4	302298	1	
11:05:32.693503	41_2371	1965	1	1	4	302299	1	
11:05:34.748594	41_2372	1966	0	0	3	302300	
11:05:36.206980	41_2374	1967	0	0	4	302301	1	
11:05:37.253085	51_705	1968	0	0	4	302302	1	
11:05:40.750668	51_706	1969	1	1	4	302303	1	
11:05:40.750735	41_2375	1970	0	0	4	302304	1	
11:05:41.787434	41_2376	1971	0	0	4	302305	1	
11:05:44.762953	41_2377	1972	0	0	4	302306	1	
11:05:45.705217	41_2378	1973	1	1	4	302307	1	
11:05:47.726993	51_707	1974	0	0	4	302308	1	
11:05:48.765163	51_708	1975	1	1	4	302309	1	
11:05:50.784387	41_2381	1976	0	0	4	302310	1	
11:05:57.243319	41_2383	1977	1	1	4	302311	1	
11:06:02.759266	41_2385	1978	0	0	4	302312	1	
11:06:04.751692	41_2386	1979	1	1	4	302313	1	
11:06:07.270568	41_2387	1980	0	0	4	302314	1	
11:06:07.784399	41_2388	1981	0	0	4	302315	1	
11:06:07.784405	26_768	1982	0	0	4	302316	1	
11:06:08.708813	26_769	1983	1	3	4	302317	1	
11:06:09.232725	41_2389	1984	1	1	4	302318	1	
11:06:12.271787	888_47	1985	0	0	3	302319	
11:06:12.782534	41_2390	1986	0	0	4	302320	1	
11:06:14.782020	41_2393	1987	0	0	4	302321	1	
11:06:17.724317	41_2395	1988	1	1	4	302322	1	
11:06:22.263158	41_2398	1989	0	0	4	302323	1	
11:06:25.233018	41_2399	1990	1	1	4	302324	1	
11:06:27.744398	41_2403	1991	0	0	4	302325	1	
11:06:29.224164	41_2404	1992	1	1	4	302326	1	
11:06:34.705015	41_2405	1993	0	0	4	302327	1	
11:06:37.256707	41_2407	1994	0	0	4	302328	1	
11:06:37.768138	41_2408	1995	1	1	4	302329	1	
11:07:03.223682	41_2410	1996	0	0	4	302330	1	
11:07:04.706645	41_2411	1997	0	0	4	302331	1	
11:07:05.727494	51_712	1998	0	0	4	302332	1	
11:07:06.768056	41_2413	1999	1	1	4	302333	2	
11:07:07.707244	51_713	2000	1	1	3	302334	
11:07:08.236605	41_2415	2001	0	0	4	302335	1	
11:07:08.764204	41_2416	2002	0	0	4	302336	1	
11:07:09.279835	41_2417	2003	0	0	4	302337	1	
11:07:09.696433	41_2418	2004	1	1	4	302338	1	
11:07:12.733118	51_714	2005	1	1	4	302339	1	
11:07:23.228640	41_2422	2006	0	0	4	302340	1	
11:07:23.748933	41_2423	2007	0	0	4	302341	1	
11:07:27.215983	41_2424	2008	1	1	3	302342	
11:07:29.243371	41_2425	2009	0	0	4	302343	1	
11:07:31.274398	41_2427	2010	1	1	3	302344	
11:07:33.776497	41_2429	2011	0	0	3	302345	
11:07:34.195243	26_770	2012	0	0	4	302346	1	
11:07:35.234026	41_2430	2013	1	1	3	302347	
11:07:35.237409	26_771	2014	1	3	4	302348	1	
11:07:35.770020	26_771	2015	1	3	1	
11:07:36.282205	26_771	2016	1	3	1	
11:07:44.272068	41_2433	2017	1	1	4	302349	1	
11:07:57.717930	41_2436	2018	0	0	4	302350	1	
11:07:58.220958	51_715	2019	0	0	4	302351	1	
11:08:00.703131	51_716	2020	1	1	4	302352	1	
11:08:00.703224	41_2437	2021	1	1	4	302353	1	
11:08:10.711667	51_717	2022	0	0	3	302354	
11:08:12.274229	41_2442	2023	0	0	4	302355	1	
11:08:14.268851	41_2443	2024	1	1	4	302356	1	
11:08:15.214531	41_2444	2025	0	0	4	302357	1	
11:08:15.742638	51_718	2026	0	0	4	302358	1	
11:08:17.698245	51_719	2027	1	1	4	302359	1	
11:08:20.233416	41_2447	2028	1	1	4	302360	1	
11:08:22.260275	888_48	2029	0	0	3	302361	
11:08:25.190766	26_772	2030	0	0	4	302362	1	
11:08:26.207774	26_773	2031	1	3	4	302363	1	
11:08:32.765323	51_722	2032	0	0	4	302364	1	
11:08:37.261250	41_2457	2033	0	0	4	302365	1	
11:08:38.696714	41_2458	2034	1	1	4	302366	1	
11:08:40.754405	26_776	2035	0	0	3	302367	
11:08:53.776321	51_723	2036	1	1	4	302368	1	
11:09:02.249213	41_2463	2037	0	0	4	302369	1	
11:09:03.694414	41_2464	2038	1	1	4	302370	1	
11:09:07.756538	41_2465	2039	0	0	4	302371	1	
11:09:08.685847	41_2466	2040	1	1	4	302372	1	
11:09:37.782541	51_727	2041	0	0	4	302373	1	
11:09:38.206555	41_2474	2042	0	0	4	302374	1	
11:09:40.256658	41_2476	2043	1	1	4	302375	1	
11:09:41.697169	51_728	2044	1	1	4	302376	1	
11:09:45.777625	41_2478	2045	0	0	4	302377	1	
11:09:48.717466	41_2480	2046	0	0	3	302378	
11:09:49.220664	41_2481	2047	0	0	4	302379	1	
11:09:51.739117	41_2482	2048	1	1	4	302380	1	
11:09:59.213660	51_731	2049	0	0	4	302381	1	
11:10:02.710695	51_732	2050	1	1	4	302382	1	
11:10:03.227544	41_2490	2051	0	0	4	302383	1	
11:10:07.756721	41_2492	2052	1	1	3	302384	
11:10:09.731897	41_2494	2053	0	0	4	302385	1	
11:10:10.243449	41_2495	2054	0	0	4	302386	1	
11:10:10.778013	41_2496	2055	0	0	4	302387	1	
11:10:12.210074	41_2497	2056	1	1	4	302388	1	
11:10:14.688121	41_2499	2057	0	0	4	302389	1	
11:10:18.257776	41_2501	2058	1	1	4	302390	1	
11:10:22.705702	888_49	2059	0	0	3	302391	
11:10:36.779017	51_735	2060	0	0	4	302392	1	
11:10:37.205703	51_736	2061	1	1	4	302393	1	
11:10:40.257408	41_2511	2062	0	0	4	302394	1	
11:10:41.197108	41_2512	2063	1	1	4	302395	1	
11:10:43.193395	41_2514	2064	0	0	4	302396	1	
11:10:45.271780	41_2515	2065	1	1	4	302397	1	
11:10:52.766122	41_2516	2066	0	0	4	302398	1	
11:10:56.731490	41_2517	2067	1	1	4	302399	1	
11:11:06.728955	41_2518	2068	0	0	4	302400	1	
11:11:10.694560	41_2520	2069	0	0	4	302401	1	
11:11:11.203954	41_2521	2070	1	1	4	302402	1	
11:11:19.702825	41_2526	2071	0	0	4	302403	1	
11:11:20.228128	41_2527	2072	1	1	4	302404	1	
11:11:31.280066	41_2533	2073	0	0	4	302405	1	
11:11:32.195502	41_2534	2074	1	1	3	302406	
11:11:34.242472	41_2535	2075	0	0	4	302407	1	
11:11:35.255453	41_2536	2076	1	1	4	302408	2	
11:11:43.768817	41_2537	2077	0	0	4	302409	1	
11:11:44.711593	41_2539	2078	0	0	3	302410	
11:11:46.680551	41_2540	2079	1	1	4	302411	1	
11:11:53.218383	41_2542	2080	0	0	4	302412	1	
11:11:58.725443	41_2544	2081	1	1	4	302413	1	
11:12:01.252831	41_2546	2082	0	0	4	302414	1	
11:12:01.784135	41_2547	2083	0	0	4	302415	1	
11:12:03.747531	41_2549	2084	1	1	4	302416	1	
11:12:06.257493	41_2551	2085	0	0	3	302417	
11:12:23.716809	41_2557	2086	0	0	4	302418	1	
11:12:26.227690	41_2558	2087	1	1	4	302419	1	
11:12:27.273846	888_50	2088	0	0	3	302420	
11:13:11.242607	41_2570	2089	0	0	4	302421	1	
11:13:14.272429	41_2573	2090	1	1	4	302422	1	
11:13:39.232728	41_2578	2091	0	0	4	302423	1	
11:13:40.276517	41_2579	2092	1	1	4	302424	1	
11:13:50.271682	41_2583	2093	0	0	4	302425	1	
11:13:53.698282	41_2584	2094	0	0	4	302426	1	
11:13:54.210043	41_2585	2095	1	1	4	302427	2	
11:13:58.710858	41_2586	2096	0	0	4	302428	1	
11:14:00.732977	41_2588	2097	1	1	4	302429	1	
11:14:04.188008	41_2590	2098	0	0	3	302430	
11:14:04.718224	41_2591	2099	0	0	4	302431	1	
11:14:05.772823	41_2592	2100	0	0	4	302432	1	
11:14:06.716256	41_2593	2101	1	1	4	302433	2	
11:14:31.680838	888_51	2102	0	0	3	302434	
11:15:59.273909	888_52	2103	0	0	3	302435	
11:18:01.230506	888_53	2104	0	0	3	302436	
11:20:01.757089	888_54	2105	0	0	3	302437	
11:22:05.247357	888_55	2106	0	0	3	302438	
11:24:07.232277	888_56	2107	0	0	3	302439	
11:24:58.738357	26_780	2108	0	0	4	302440	1	
11:25:05.176679	26_781	2109	1	3	4	302441	1	
11:26:10.693065	888_57	2110	0	0	3	302442	
11:28:42.698037	888_58	2111	0	0	3	302443	
12:59:59.037487	888_59	2112	0	0	3	302444	
13:02:02.518187	888_60	2113	0	0	3	302445	
13:04:22.551399	888_61	2114	0	0	3	302446	
13:06:32.060096	888_62	2115	0	0	3	302447	
13:07:58.982139	888_63	2116	0	0	3	302448	
13:09:58.986424	888_64	2117	0	0	3	302449	
13:12:00.008287	888_65	2118	0	0	3	302450	
13:14:00.516985	888_66	2119	0	0	3	302451	
13:16:01.553309	888_67	2120	0	0	3	302452	
13:17:59.023681	888_68	2121	0	0	3	302453	
13:19:59.005395	888_69	2122	0	0	3	302454	
13:21:58.991285	888_70	2123	0	0	3	302455	
13:23:59.031267	888_71	2124	0	0	3	302456	
13:26:01.525385	888_72	2125	0	0	3	302457	
13:28:04.504233	888_73	2126	0	0	3	302458	
13:30:09.008541	888_74	2127	0	0	3	302459	
13:31:58.999002	888_75	2128	0	0	3	302460	
13:33:59.471661	888_76	2129	0	0	3	302461	
13:36:01.953522	888_77	2130	0	0	3	302462	
13:37:58.963982	888_78	2131	0	0	3	302463	
13:40:04.939738	888_79	2132	0	0	3	302464	
13:41:58.941700	888_80	2133	0	0	3	302465	
13:43:59.001007	888_81	2134	0	0	3	302466	
13:46:00.439837	888_82	2135	0	0	3	302467	
13:48:02.969589	888_83	2136	0	0	3	302468	
13:50:04.492119	888_84	2137	0	0	3	302469	
13:52:06.896303	888_85	2138	0	0	3	302470	
13:54:07.901441	888_86	2139	0	0	3	302471	
13:56:08.892465	888_87	2140	0	0	3	302472	
13:58:22.410091	888_88	2141	0	0	3	302473	
14:00:24.415389	888_89	2142	0	0	3	302474	
14:02:25.452064	888_90	2143	0	0	3	302475	
14:04:27.949352	888_91	2144	0	0	3	302476	
14:06:29.939594	888_92	2145	0	0	3	302477	
14:08:38.957287	888_93	2146	0	0	3	302478	
14:10:44.901589	888_94	2147	0	0	3	302479	
14:12:50.953886	888_95	2148	0	0	3	302480	
14:14:56.367841	888_96	2149	0	0	3	302481	
14:16:57.382381	888_97	2150	0	0	3	302482	
14:19:14.381478	888_98	2151	0	0	3	302483	
14:19:58.868802	888_99	2152	0	0	3	302484	
14:22:10.912098	888_100	2153	0	0	3	302485	
14:23:58.894303	888_101	2154	0	0	3	302486	
14:26:05.403488	888_102	2155	0	0	3	302487	
14:28:08.352974	888_103	2156	0	0	3	302488	
14:30:24.885462	888_104	2157	0	0	3	302489	
14:32:25.397304	888_105	2158	0	0	3	302490	
14:34:26.353458	888_106	2159	0	0	3	302491	
14:36:28.827851	888_107	2160	0	0	3	302492	
14:38:29.905359	888_108	2161	0	0	3	302493	
14:40:30.901256	888_109	2162	0	0	3	302494	
14:42:32.387084	888_110	2163	0	0	3	302495	
14:44:38.847772	888_111	2164	0	0	3	302496	
14:46:40.813746	888_112	2165	0	0	3	302497	
14:47:58.815589	888_113	2166	0	0	3	302498	
14:50:04.345630	888_114	2167	0	0	3	302499	
14:52:06.307607	888_115	2168	0	0	3	302500	
14:54:08.874237	888_116	2169	0	0	3	302501	
14:56:09.845117	888_117	2170	0	0	3	302502	
14:58:10.303007	888_118	2171	0	0	3	302503	
15:00:11.323369	888_119	2172	0	0	3	302504	
15:02:11.843630	888_120	2173	0	0	3	302505	
15:04:12.839411	888_121	2174	0	0	3	302506	
15:05:58.767170	888_122	2175	0	0	3	302507	
15:08:00.344646	888_123	2176	0	0	3	302508	
15:10:00.791168	888_124	2177	0	0	3	302509	
15:11:58.785075	888_125	2178	0	0	3	302510	
15:13:59.822642	888_126	2179	0	0	3	302511	
15:29:00.772478	888_127	2180	0	0	3	302512	
